12751 7141 15 1292
14835 14297 15 1292
4597 7141 15 1292
5307 4049 15 1292
14911 14297 15 1292
11452 7141 15 1292
1894 14297 15 1292
7605 12010 15 1292
1225 7141 15 1292
14579 12010 15 1292
11737 14297 15 1292
11793 14297 15 1292
1525 12010 15 1292
7880 7141 15 1292
7880 12010 15 1292
6866 14297 15 1292
5771 14297 15 1292
4597 14297 15 1292
14096 12010 15 1292
1639 7141 15 1292
13390 7141 15 1292
2813 4049 15 1292
11783 12010 15 1292
10041 12010 15 1292
14579 4049 15 1292
14579 4049 283 1292
1225 7141 283 1292
14579 12010 283 1292
4243 7141 283 1292
1894 14297 283 1292
7880 12010 283 1292
6866 14297 283 1292
11737 14297 283 1292
14835 14297 283 1292
11783 12010 283 1292
14911 14297 283 1292
13390 7141 283 1292
1225 14297 283 1292
1525 12010 283 1292
7605 12010 283 1292
12751 7141 283 1292
14096 12010 283 1292
4597 14297 283 1292
4597 7141 283 1292
11793 14297 283 1292
10041 12010 283 1292
13390 14297 283 1292
1639 7141 283 1292
11452 7141 283 1292
6855 11933 1244 269
6855 13560 1244 269
6855 8675 1244 269
6855 8806 1244 269
14191 14103 1244 269
1051 12177 1244 269
1051 8806 1244 269
2895 8303 1244 269
1051 3772 1244 269
6855 12187 1244 269
4645 10588 1244 269
12893 10370 1244 269
1051 13560 1244 269
1051 7854 1244 269
9193 10489 1244 269
6855 4692 1244 269
12893 13418 1244 269
9193 8114 1244 269
4645 9109 1244 269
12893 13491 1244 269
6855 13491 1244 269
1051 12351 1244 269
9193 8303 1244 269
12893 4663 1244 269
12893 14208 1244 269
12893 9109 1244 269
12893 1859 1244 269
1051 8114 1244 269
4645 2431 1244 269
1051 7854 646 269
12893 13491 646 269
12893 14208 646 269
1051 12177 646 269
14191 13560 646 269
9193 10606 646 269
1051 13560 646 269
12893 13418 646 269
9193 4692 646 269
14191 14103 646 269
9193 8303 646 269
1051 8806 646 269
12893 4663 646 269
1051 8114 646 269
1051 9998 646 269
12893 9109 646 269
6855 4692 646 269
4645 9109 646 269
4645 10588 646 269
12893 1859 646 269
6855 4894 646 269
6855 13560 646 269
1051 3772 646 269
12893 10370 646 269
6855 8675 646 269
9193 10489 646 269
12893 7635 646 269
2895 8303 646 269
6855 12187 646 269
9193 8114 646 269
6855 8806 646 269
4645 13560 646 269
6855 13491 646 269
2814 4767 391 671
14181 9280 391 671
3164 7220 391 671
9995 2663 391 671
3655 13504 391 671
12344 2334 391 671
11143 10714 391 671
11721 1488 391 671
7863 2505 391 671
4949 13484 391 671
3181 10714 391 671
2440 8152 391 671
2981 2663 391 671
8783 1796 391 671
3535 1488 391 671
11865 2334 391 671
11479 2505 391 671
11432 1488 391 671
3535 13504 391 671
13821 8152 391 671
14594 2663 391 671
4664 9280 391 671
3181 2663 391 671
3376 2334 391 671
3535 13484 391 671
2440 10714 391 671
3826 2505 391 671
14181 6966 391 671
2440 1460 391 671
3820 4767 391 671
3229 10714 391 671
14181 2663 391 671
11678 4767 391 671
3164 2663 391 671
8986 4767 391 671
166 4767 391 671
5764 9280 391 671
2440 6966 391 671
11432 4767 391 671
3826 13484 391 671
3800 2505 391 671
11143 2334 391 671
4721 2334 391 671
5419 8152 391 671
5764 7220 391 671
10524 13504 391 671
10524 2334 391 671
14154 2505 391 671
2981 2334 391 671
11432 13484 391 671
1554 1488 391 671
14594 4767 391 671
166 2505 391 671
14154 4875 391 671
3164 6966 391 671
4106 10714 391 671
3655 2334 391 671
3257 1796 391 671
3181 1796 391 671
13821 2505 391 671
1140 2663 391 671
14154 8152 391 671
2814 2505 391 671
166 2334 391 671
11678 2334 391 671
11721 8152 391 671
14154 1460 391 671
521 4767 391 671
1554 2505 391 671
3376 13484 391 671
14787 1488 391 671
3257 1488 391 671
3826 1488 391 671
3229 9280 391 671
8218 1488 391 671
2981 8152 391 671
10195 10714 391 671
14787 2505 391 671
11479 13504 391 671
9995 2334 391 671
11432 2663 391 671
3800 7220 391 671
10524 8152 391 671
14181 4767 391 671
14154 2334 391 671
3376 9280 391 671
1140 13484 391 671
13811 2663 391 671
8218 13504 391 671
10524 7220 391 671
13821 1488 391 671
14181 13504 391 671
11143 1488 391 671
3164 1488 391 671
5419 7220 391 671
241 8152 391 671
14908 13484 391 671
2440 13484 391 671
954 11711 391 671
12344 7220 391 671
4889 7141 283 15
5247 14297 283 15
4243 7141 283 15
12223 12010 283 15
10797 7141 283 15
2461 14297 283 15
9310 7141 283 15
11489 12010 283 15
5307 7141 283 15
12702 12010 283 15
1225 14297 283 15
1894 7141 283 15
7880 14297 283 15
5956 4049 283 15
2461 12010 283 15
7463 12010 283 15
10243 12010 283 15
7463 4049 283 15
14911 12010 283 15
10243 7141 283 15
5956 7141 283 15
13390 14297 283 15
4889 14297 283 15
2505 1488 512 900
2663 2334 512 900
6966 2663 512 900
2334 2401 512 900
11711 13504 512 900
11711 6966 512 900
8152 2334 512 900
1488 1796 512 900
13504 1488 512 900
2663 11711 512 900
1488 6966 512 900
2334 13484 512 900
4767 1796 512 900
688 11711 512 900
4767 10714 512 900
2663 4767 512 900
13484 1488 512 900
9987 9987 416 1066
7068 7068 416 1066
11287 11287 416 1066
12428 12428 416 1066
14210 14210 416 1066
1014 1014 416 1066
10772 10772 416 1066
7098 7098 416 1066
1571 1571 416 1066
2466 2466 416 1066
9281 9281 416 1066
10327 10327 416 1066
7533 7533 416 1066
11481 11481 416 1066
4673 4673 416 1066
13195 13195 416 1066
14681 14681 416 1066
11676 11676 416 1066
12931 12931 416 1066
10661 10661 416 1066
4661 4661 416 1066
350 350 416 1066
2811 2811 416 1066
4130 4130 416 1066
13087 13087 416 1066
7491 7491 416 1066
189 189 416 1066
6365 6365 416 1066
1948 1948 416 1066
3994 3994 416 1066
13456 13456 416 1066
11323 11323 416 1066
1175 1175 416 1066
4788 4788 416 1066
7233 7233 416 1066
7903 7903 416 1066
11474 11474 416 1066
6173 6173 416 1066
4650 4650 416 1066
5959 5959 416 1066
8370 8370 416 1066
5588 5588 416 1066
8320 8320 416 1066
8709 8709 416 1066
3426 3426 416 1066
7848 7848 416 1066
7789 7789 416 1066
4856 4856 416 1066
7349 7349 416 1066
1988 1988 416 1066
8754 8754 416 1066
9566 9566 416 1066
867 867 416 1066
13536 13536 416 1066
5525 5525 416 1066
11255 11255 416 1066
6825 6825 416 1066
13500 13500 416 1066
3708 3708 416 1066
7359 7359 416 1066
10095 10095 416 1066
37 37 416 1066
4879 4879 416 1066
5842 5842 416 1066
1659 1659 416 1066
14877 14877 416 1066
9495 9495 416 1066
8185 8185 416 1066
7485 7485 416 1066
12235 12235 416 1066
2885 2885 416 1066
7694 7694 416 1066
5291 5291 416 1066
2271 2271 416 1066
8187 8187 416 1066
2339 2339 416 1066
6708 6708 416 1066
13417 13417 416 1066
6908 6908 416 1066
6800 6800 416 1066
14282 14282 416 1066
12257 12257 416 1066
10958 10958 416 1066
923 923 416 1066
2001 2001 416 1066
4876 4876 416 1066
4621 4621 416 1066
6675 6675 416 1066
7507 7507 416 1066
12950 12950 416 1066
11510 11510 416 1066
6812 6812 416 1066
6450 6450 416 1066
13965 13965 416 1066
13759 13759 416 1066
14454 14454 416 1066
8971 8971 416 1066
1263 1263 416 1066
14874 14874 416 1066
7473 7473 416 1066
1916 1916 416 1066
1683 5973 949 159
1169 5973 949 159
7649 5973 949 159
8543 5973 949 159
216 5973 949 159
5868 5973 949 159
7302 5973 949 159
14253 5973 949 159
5615 5973 949 159
2747 5973 949 159
4265 5973 949 159
7845 5973 949 159
9365 5973 949 159
8415 5973 949 159
14413 5973 949 159
1407 5973 949 159
11181 5973 949 159
9195 5973 949 159
13800 5973 949 159
9022 5973 949 159
6415 5973 949 159
1649 5973 949 159
12876 5973 949 159
9514 5973 949 159
10836 5973 949 159
1529 5973 949 159
9135 5973 949 159
85 5973 949 159
14699 5973 949 159
14650 5973 949 159
14806 5973 949 159
769 5973 949 159
11181 5973 811 159
85 5973 811 159
1407 5973 811 159
769 5973 811 159
9195 5973 811 159
9135 5973 811 159
12876 5973 811 159
6415 5973 811 159
1193 5973 811 159
14253 5973 811 159
2686 5973 811 159
1649 5973 811 159
11170 5973 811 159
14806 5973 811 159
13800 5973 811 159
14699 5973 811 159
14413 5973 811 159
7770 5973 811 159
216 5973 811 159
7649 5973 811 159
14650 5973 811 159
1169 5973 811 159
5868 5973 811 159
6561 5973 811 159
10836 5973 811 159
5615 5973 811 159
4323 5973 811 159
2747 5973 811 159
8543 5973 811 159
13846 1410 848 1038
630 11003 848 1038
630 2406 848 1038
5995 7347 848 1038
13903 7229 848 1038
13846 9364 848 1038
13903 14201 848 1038
5995 1444 848 1038
13903 13671 848 1038
13903 258 848 1038
13846 13782 848 1038
13846 385 848 1038
5995 5946 848 1038
13903 14355 848 1038
13903 2938 848 1038
630 6698 848 1038
13846 5711 848 1038
630 11637 848 1038
13903 6583 848 1038
630 6693 848 1038
5995 11640 848 1038
5995 5804 848 1038
13903 8332 848 1038
5995 13005 848 1038
13903 10868 848 1038
13903 13767 848 1038
13903 10923 848 1038
13903 7716 848 1038
5995 2725 848 1038
13846 1491 848 1038
13846 855 848 1038
13846 3004 848 1038
13903 3410 848 1038
13846 7324 848 1038
630 9024 848 1038
13903 7878 848 1038
630 11640 848 1038
13846 13573 848 1038
13846 1504 848 1038
5995 11751 848 1038
13903 14308 848 1038
13903 3524 848 1038
630 12857 848 1038
630 1061 848 1038
630 598 848 1038
630 13377 848 1038
13903 11159 848 1038
5995 5390 848 1038
630 11781 848 1038
5995 9157 848 1038
5995 5854 848 1038
13903 7531 848 1038
13903 9198 848 1038
13846 13711 848 1038
630 7952 848 1038
13846 580 848 1038
630 11548 848 1038
13846 13167 848 1038
5995 10042 848 1038
13846 11033 848 1038
13846 13765 848 1038
630 11033 848 1038
630 2725 848 1038
630 9729 848 1038
13903 8432 848 1038
13846 11671 848 1038
13846 1743 848 1038
13903 2419 848 1038
13903 2876 848 1038
630 10907 848 1038
13846 13853 848 1038
13903 1632 848 1038
13846 8645 848 1038
5995 13823 848 1038
13846 4796 848 1038
13903 11003 848 1038
13846 7839 848 1038
630 4232 848 1038
5995 5867 848 1038
13846 11688 848 1038
630 10715 848 1038
13846 13284 848 1038
13846 1344 848 1038
5995 14547 848 1038
630 11198 848 1038
13846 6711 848 1038
630 7921 848 1038
13846 10878 848 1038
13903 12944 848 1038
13903 1596 848 1038
5995 6400 848 1038
13903 9362 848 1038
13903 10829 848 1038
13903 10401 848 1038
13846 12857 848 1038
630 10 848 1038
630 4440 848 1038
630 11928 848 1038
5995 4955 848 1038
13903 5347 848 1038
630 13507 848 1038
13903 10448 848 1038
13846 8431 848 1038
5995 365 848 1038
13846 6102 848 1038
5995 6160 848 1038
13903 13853 848 1038
13903 11123 848 1038
5995 14655 848 1038
13903 14563 848 1038
13846 6983 848 1038
630 11670 848 1038
630 14520 848 1038
13846 10868 848 1038
630 903 848 1038
630 6711 848 1038
13903 1286 848 1038
630 5867 848 1038
5995 10711 848 1038
5995 11995 848 1038
5995 4516 848 1038
5995 12996 848 1038
630 14306 848 1038
13846 13972 848 1038
13903 11561 848 1038
630 6595 848 1038
13846 10020 848 1038
630 3857 848 1038
630 3268 848 1038
13846 13671 848 1038
13903 1409 848 1038
630 9816 848 1038
630 10795 848 1038
13903 229 848 1038
630 11919 848 1038
13846 10829 848 1038
5995 11928 848 1038
13846 2164 848 1038
5995 12581 848 1038
13903 1874 848 1038
5995 9431 848 1038
13903 9157 848 1038
13846 10989 848 1038
13846 6693 848 1038
13903 5543 848 1038
13903 6233 848 1038
630 7247 848 1038
13846 9541 848 1038
13903 14860 848 1038
5995 11033 848 1038
5995 2549 848 1038
13903 5500 848 1038
630 6315 848 1038
13903 6723 848 1038
5995 8318 848 1038
13846 11543 848 1038
630 12000 848 1038
13903 96 848 1038
630 11555 848 1038
13903 11332 848 1038
13903 829 848 1038
13903 13765 848 1038
13846 2766 848 1038
5995 6588 848 1038
13846 6027 848 1038
13846 7716 848 1038
13846 3668 848 1038
5995 799 848 1038
5995 2938 848 1038
630 4807 848 1038
5995 9534 848 1038
13903 814 848 1038
630 7716 848 1038
5995 9357 848 1038
630 1350 848 1038
13846 8517 848 1038
13846 5279 848 1038
5995 11671 848 1038
13903 2046 848 1038
13846 8432 848 1038
13846 13977 848 1038
630 13464 848 1038
13846 6583 848 1038
13846 10437 848 1038
5995 5325 848 1038
630 8839 848 1038
13846 6305 848 1038
630 9925 848 1038
13903 8106 848 1038
13903 127 848 1038
13903 12937 848 1038
5995 13341 848 1038
13903 12794 848 1038
13903 13464 848 1038
630 8624 848 1038
5995 14929 848 1038
13903 6427 848 1038
13903 1060 848 1038
5995 9536 848 1038
13846 3362 848 1038
630 7001 848 1038
630 13763 848 1038
13903 11258 848 1038
13903 10781 848 1038
5995 3268 848 1038
630 14417 848 1038
13846 13274 848 1038
13903 5214 848 1038
5995 4396 848 1038
13903 3040 848 1038
13846 161 848 1038
13846 10469 848 1038
5995 4705 848 1038
630 1869 848 1038
5995 13643 848 1038
630 10152 848 1038
4049 12937 848 1038
630 5946 848 1038
630 5286 848 1038
630 3362 848 1038
13903 1827 848 1038
13903 13507 848 1038
13846 10176 848 1038
630 9487 848 1038
630 14727 848 1038
5995 14910 848 1038
5995 14498 848 1038
5995 10989 848 1038
5995 8348 848 1038
13903 14547 848 1038
630 8432 848 1038
630 9536 848 1038
13846 8271 848 1038
630 2876 848 1038
5995 2460 848 1038
5995 5735 848 1038
13846 13012 848 1038
13846 13902 848 1038
5995 6441 848 1038
630 2054 848 1038
13903 5867 848 1038
13903 10098 848 1038
5995 13214 848 1038
5995 3362 848 1038
13846 14860 848 1038
630 13349 848 1038
13903 10097 848 1038
630 12616 848 1038
13903 13469 848 1038
13903 10998 848 1038
13903 11002 848 1038
630 8079 848 1038
630 13143 848 1038
630 14294 848 1038
5995 10239 848 1038
5995 3410 848 1038
630 3928 848 1038
13903 8666 848 1038
630 11392 848 1038
630 5099 848 1038
13903 2321 848 1038
5995 13377 848 1038
13846 13652 848 1038
13846 11002 848 1038
5995 14858 848 1038
13846 3558 848 1038
13846 7878 848 1038
13903 10020 848 1038
5995 5625 848 1038
13846 6224 848 1038
13903 7254 848 1038
5995 10795 848 1038
13846 6160 848 1038
5995 5500 848 1038
630 10293 848 1038
630 13534 848 1038
13846 5500 848 1038
13846 7166 848 1038
13846 11747 848 1038
13903 9822 848 1038
5995 8801 848 1038
13903 11688 848 1038
13903 11274 848 1038
13846 9702 848 1038
630 6091 848 1038
13903 4376 848 1038
5995 11644 848 1038
13846 1060 848 1038
13903 1817 848 1038
5995 3433 848 1038
630 12016 848 1038
630 7513 848 1038
13903 2303 848 1038
13846 11640 848 1038
13903 6724 848 1038
5995 11706 848 1038
630 969 848 1038
5995 616 848 1038
630 13775 848 1038
5995 10660 848 1038
13846 7356 848 1038
13903 3129 848 1038
5995 6634 848 1038
5995 13719 848 1038
13846 2960 848 1038
630 3433 848 1038
13903 4440 848 1038
13846 12422 848 1038
630 7182 848 1038
13903 8839 848 1038
13903 4339 848 1038
13846 9556 848 1038
13846 6698 848 1038
630 8656 848 1038
13903 12616 848 1038
13903 12519 848 1038
5995 10715 848 1038
13846 1350 848 1038
13903 5625 848 1038
13846 12940 848 1038
13846 8474 848 1038
5995 9660 848 1038
630 715 848 1038
5995 3897 848 1038
13903 9014 848 1038
13846 3506 848 1038
13903 13643 848 1038
5995 14308 848 1038
630 14114 848 1038
13846 10385 848 1038
630 7172 848 1038
13903 7587 848 1038
13903 8586 848 1038
630 14547 848 1038
630 1213 848 1038
630 2938 848 1038
5995 2960 848 1038
13846 670 848 1038
630 9427 848 1038
5995 4765 848 1038
13846 2725 848 1038
13903 7009 848 1038
5995 13765 848 1038
13846 13066 848 1038
630 805 848 1038
13903 1623 848 1038
13903 2964 848 1038
13903 7839 848 1038
13846 9427 848 1038
13846 527 848 1038
630 14860 848 1038
5995 5214 848 1038
13846 5532 848 1038
630 3345 848 1038
13846 4451 848 1038
5995 7204 848 1038
630 3947 848 1038
630 9560 848 1038
13846 6350 848 1038
13903 14306 848 1038
13846 9198 848 1038
630 13297 848 1038
630 14333 848 1038
5995 4442 848 1038
5995 4807 848 1038
630 5856 848 1038
13846 2808 848 1038
13846 11299 848 1038
13903 12085 848 1038
13846 234 848 1038
13903 11955 848 1038
5995 5677 848 1038
13846 1236 848 1038
5995 2737 848 1038
630 9357 848 1038
13903 1850 848 1038
13846 6054 848 1038
13846 7472 848 1038
13846 14584 848 1038
13903 11444 848 1038
13846 5325 848 1038
5995 1654 848 1038
13903 2066 848 1038
13903 10348 848 1038
13903 12179 848 1038
5995 4339 848 1038
13903 7568 848 1038
13903 1729 848 1038
13903 10128 848 1038
13846 13173 848 1038
5995 11353 848 1038
13903 14756 848 1038
13903 3946 848 1038
630 616 848 1038
630 5532 848 1038
630 13274 848 1038
5995 14376 848 1038
630 4773 848 1038
13846 13420 848 1038
13846 3736 848 1038
13846 13060 848 1038
13903 6693 848 1038
13903 4232 848 1038
630 12953 848 1038
630 2965 848 1038
13903 8829 848 1038
13903 5711 848 1038
630 10804 848 1038
13903 10274 848 1038
5995 11123 848 1038
13903 14417 848 1038
5995 10829 848 1038
13903 8970 848 1038
13903 8442 848 1038
13846 1871 848 1038
13903 3835 848 1038
5995 940 848 1038
630 8271 848 1038
5995 10985 848 1038
5995 14634 848 1038
13903 14910 848 1038
5995 8839 848 1038
630 3466 848 1038
13846 12594 848 1038
13846 799 848 1038
13903 6711 848 1038
13903 2898 848 1038
13903 789 848 1038
630 7254 848 1038
630 2046 848 1038
630 12120 848 1038
630 9362 848 1038
630 9447 848 1038
13903 2870 848 1038
13846 11986 848 1038
13903 4008 848 1038
1398 13595 1317 465
13712 13595 1317 465
12925 14262 1317 465
1398 9496 1317 465
4030 9496 1317 465
10147 2058 1317 465
7155 1360 1317 465
5213 4612 1317 465
667 5798 1317 465
11935 11724 1317 465
5421 13161 1317 465
10147 3816 1317 465
14667 13472 1317 465
667 10594 1317 465
4611 6674 1317 465
12523 14530 1317 465
14667 10594 1317 465
7155 14214 1317 465
218 14221 1317 465
1774 1232 1317 465
12925 10594 1317 465
13712 13034 1317 465
218 6059 1317 465
4030 6674 1317 465
12925 9429 1317 465
2147 10750 1317 465
12523 4612 1317 465
11154 3452 1317 465
14810 1704 1317 465
1398 10093 1317 465
8767 4935 1317 465
3149 1704 1317 465
5213 10811 1317 465
12037 6801 1317 465
4118 9496 1317 465
1774 10750 1317 465
6044 13161 1317 465
5015 2058 1317 465
6681 1704 1317 465
6044 10750 1317 465
1398 13161 1317 465
7509 6801 1317 465
1398 14530 1317 465
2147 14214 1317 465
10147 9429 1317 465
7822 13595 1317 465
4030 4935 1317 465
6681 2058 1317 465
10147 8796 1317 465
5213 14230 1317 465
4513 9429 1317 465
1774 4753 1317 465
7114 1772 1317 465
12481 6059 1317 465
14810 4401 1317 465
8767 6674 1317 465
5310 2873 1317 465
7509 14221 1317 465
218 13161 1317 465
8767 13595 1317 465
7822 7212 1317 465
12037 1772 1317 465
7509 14214 1317 465
14810 5798 1317 465
13683 13956 1317 465
11935 10750 1317 465
7155 1772 1317 465
4541 1704 1317 465
6044 1772 1317 465
12925 3816 1317 465
12037 1232 1317 465
664 13161 1317 465
664 14221 1317 465
1774 14221 1317 465
14667 5208 1317 465
10147 5208 1317 465
8767 10750 1317 465
7509 4612 1317 465
5213 6059 1317 465
6044 10628 1317 465
4513 3816 1317 465
13683 9429 1317 465
5421 2081 1317 465
4513 13472 1317 465
1398 11724 1317 465
2147 1360 1317 465
5213 9496 1317 465
5213 1251 1317 465
1774 6674 1317 465
7155 13595 1317 465
2115 14597 1317 465
667 9429 1317 465
5015 14262 1317 465
12523 6059 1317 465
5310 10750 1317 465
4030 14214 1317 465
2147 4935 1317 465
8767 4715 1317 465
5545 5973 652 601
8834 5973 652 601
1507 5973 652 601
2436 1277 652 601
8649 5973 652 601
3878 5973 652 601
247 5973 652 601
4427 5973 652 601
6052 5973 652 601
8293 6473 652 601
4844 5973 652 601
193 5973 652 601
2466 5973 652 601
11474 5973 652 601
14143 5973 652 601
12065 5973 652 601
13410 5973 652 601
6147 6399 652 601
9539 1277 652 601
3977 5973 652 601
12006 1277 652 601
8321 5973 652 601
4986 5973 652 601
615 5973 652 601
3732 1277 652 601
12647 5973 652 601
9615 1277 652 601
4673 5973 652 601
11396 5973 652 601
13548 1277 652 601
8754 5973 652 601
68 5973 652 601
10043 6473 652 601
6391 5973 652 601
7120 5973 652 601
5912 5973 652 601
7006 6399 652 601
720 5973 652 601
14282 5973 652 601
10229 5973 652 601
13926 5973 652 601
3045 5973 652 601
11997 5973 652 601
14624 5973 652 601
2497 6399 652 601
12448 5973 652 601
2457 1277 652 601
9636 5973 652 601
9553 5973 652 601
2910 12686 652 601
10817 5973 652 601
3439 1277 652 601
9694 5973 652 601
4050 5973 652 601
4497 5973 652 601
14559 5973 652 601
9264 5973 652 601
1882 5973 652 601
7789 5973 652 601
14629 1277 652 601
13195 5973 652 601
8135 6399 652 601
7848 5973 652 601
11407 5973 652 601
8338 5973 652 601
551 5973 652 601
11323 6399 652 601
13140 5973 652 601
996 1277 652 601
7926 5973 652 601
10595 5973 652 601
1447 6399 652 601
10450 2737 767 162
8395 6495 767 162
5109 7531 767 162
10459 10701 767 162
14055 12000 767 162
7516 11706 767 162
10737 10454 767 162
1430 5677 767 162
7923 13534 767 162
13475 633 767 162
14212 9560 767 162
7761 542 767 162
10810 13141 767 162
1863 5677 767 162
3815 6400 767 162
2366 11333 767 162
10459 10220 767 162
11320 13972 767 162
1863 7009 767 162
10083 1638 767 162
9287 13167 767 162
4747 11542 767 162
12504 13643 767 162
9592 13820 767 162
8845 9606 767 162
14068 13643 767 162
1253 8732 767 162
1430 12044 767 162
948 13012 767 162
7194 3094 767 162
7329 6474 767 162
12218 11688 767 162
4395 10220 767 162
3676 633 767 162
1707 7568 767 162
10709 12815 767 162
9223 2112 767 162
1265 9487 767 162
7761 2193 767 162
9287 2494 767 162
6616 13395 767 162
8845 7878 767 162
3243 8558 767 162
14829 2460 767 162
7761 1444 767 162
14862 13652 767 162
642 1061 767 162
1265 2303 767 162
9735 9214 767 162
5109 7985 767 162
11320 9982 767 162
12218 10097 767 162
9287 107 767 162
7761 12815 767 162
1424 1817 767 162
9735 2193 767 162
13475 7691 767 162
362 10150 767 162
1253 11332 767 162
10598 6441 767 162
7329 9857 767 162
10810 2329 767 162
4458 8829 767 162
126 2193 767 162
10083 10907 767 162
14055 1076 767 162
9724 8829 767 162
10083 11505 767 162
11320 7722 767 162
7761 10715 767 162
8395 9092 767 162
3676 7946 767 162
10459 829 767 162
8845 1654 767 162
4709 13167 767 162
1707 6495 767 162
362 10150 34 162
3243 8558 34 162
9735 9214 34 162
3962 10448 34 162
10450 7977 34 162
10709 12815 34 162
1253 11332 34 162
948 6233 34 162
3676 633 34 162
7761 542 34 162
1253 13572 34 162
8845 7878 34 162
7194 1850 34 162
7761 10715 34 162
12218 10097 34 162
10459 2112 34 162
1430 12422 34 162
10598 6441 34 162
3676 7946 34 162
12504 13643 34 162
13475 7587 34 162
14055 12000 34 162
10459 10701 34 162
11320 9982 34 162
1863 5677 34 162
10083 14843 34 162
9223 2112 34 162
10810 8270 34 162
5109 7531 34 162
10450 3928 34 162
1253 8732 34 162
11320 7722 34 162
1265 9487 34 162
9287 13167 34 162
8845 1654 34 162
759 1671 34 162
3815 13726 34 162
10459 10220 34 162
14862 13652 34 162
7329 6474 34 162
4395 10220 34 162
10996 10660 34 162
8395 6495 34 162
9735 2193 34 162
7761 1444 34 162
10083 10907 34 162
8845 9606 34 162
2366 3947 34 162
1863 7009 34 162
1265 2303 34 162
10486 2185 34 162
5109 7985 34 162
7329 9857 34 162
9724 8829 34 162
13871 1654 34 162
14212 9560 34 162
590 6418 34 162
13475 7691 34 162
7194 3094 34 162
1424 1817 34 162
9287 107 34 162
12218 11688 34 162
3815 6400 34 162
11320 13972 34 162
642 1061 34 162
11320 1935 34 162
14829 2460 34 162
1430 12044 34 162
10810 13141 34 162
8395 13765 34 162
4458 8829 34 162
7516 11706 34 162
10083 11505 34 162
9592 13820 34 162
7761 12815 34 162
10737 10454 34 162
13475 633 34 162
10459 829 34 162
2366 11333 34 162
6616 13395 34 162
9287 2494 34 162
1430 5677 34 162
10709 4019 34 162
1424 10715 34 162
590 6418 1291 162
10810 8270 1291 162
3962 10448 1291 162
3815 6400 1291 162
10459 2112 1291 162
7761 10715 1291 162
10598 6441 1291 162
10737 10454 1291 162
10996 10660 1291 162
126 2193 1291 162
13475 7587 1291 162
10083 14843 1291 162
9735 9214 1291 162
4395 10220 1291 162
9592 13820 1291 162
948 6233 1291 162
8845 7878 1291 162
759 1671 1291 162
1424 10715 1291 162
10486 2185 1291 162
14829 2460 1291 162
1253 8732 1291 162
9223 2112 1291 162
1424 1817 1291 162
10450 3928 1291 162
7194 3094 1291 162
7761 542 1291 162
10459 10701 1291 162
948 13012 1291 162
7194 1850 1291 162
1863 7009 1291 162
14862 13652 1291 162
6616 13395 1291 162
3676 7946 1291 162
9724 8829 1291 162
10459 829 1291 162
14055 12000 1291 162
3815 13726 1291 162
11320 1935 1291 162
362 10150 1291 162
3676 633 1291 162
7761 2193 1291 162
3243 8558 1291 162
2366 11333 1291 162
7329 9857 1291 162
1430 5677 1291 162
8395 6495 1291 162
10459 10220 1291 162
14068 13643 1291 162
14212 9560 1291 162
1265 2303 1291 162
10083 1638 1291 162
2366 3947 1291 162
1707 6495 1291 162
7516 11706 1291 162
12218 11688 1291 162
10083 10907 1291 162
1430 12422 1291 162
13871 1654 1291 162
8395 13765 1291 162
14055 1076 1291 162
12504 13643 1291 162
13475 7691 1291 162
7329 6474 1291 162
8845 1654 1291 162
1265 9487 1291 162
10709 4019 1291 162
10083 11505 1291 162
1253 13572 1291 162
1430 12044 1291 162
10810 13141 1291 162
6753 8829 1291 162
4709 13167 1291 162
10709 12815 1291 162
10450 7977 1291 162
4458 8829 1291 162
9287 2494 1291 162
10810 2329 1291 162
13475 633 1291 162
7923 13534 1291 162
11320 13972 1291 162
3772 6855 373 64
4692 1051 373 64
10126 1051 373 64
8497 9193 373 64
14103 14191 373 64
8114 9193 373 64
10370 4645 373 64
838 2895 373 64
8806 1051 373 64
2102 2895 373 64
8303 12893 373 64
4663 1051 373 64
9109 6855 373 64
12351 4645 373 64
14208 1051 373 64
12177 1051 373 64
10370 2895 373 64
10606 4645 373 64
8129 9193 373 64
3772 1051 373 64
11215 1051 373 64
2917 4645 373 64
10126 9193 373 64
4850 1051 373 64
2822 6855 373 64
13491 1051 373 64
8190 1051 373 64
8675 6855 373 64
13560 6855 373 64
14915 6855 373 64
6218 2513 44 72
12392 13495 44 72
2285 4438 44 72
8440 2219 44 72
7456 13495 44 72
3566 3618 44 72
14174 6125 44 72
14174 831 44 72
9617 3618 44 72
5028 3618 44 72
5945 4438 44 72
10583 13495 44 72
1566 4438 44 72
7799 3618 44 72
777 2219 44 72
8366 4438 44 72
9762 2219 44 72
777 2513 44 72
12392 4438 44 72
14174 3025 44 72
2285 3156 44 72
13241 13495 44 72
2285 13495 44 72
6218 13495 44 72
11322 4438 44 72
8003 831 44 72
2589 6125 44 72
7799 2219 44 72
5945 11628 44 72
9617 4438 44 72
3158 4383 44 72
11322 4438 946 72
8366 2219 946 72
2285 4438 946 72
5945 4438 946 72
12392 13495 946 72
13241 13495 946 72
6218 13495 946 72
10583 13495 946 72
5028 2219 946 72
7799 3618 946 72
3158 4383 946 72
3566 3618 946 72
835 13495 946 72
12392 4438 946 72
9762 2219 946 72
8003 831 946 72
835 3618 946 72
6218 2513 946 72
8440 2219 946 72
9617 4438 946 72
14174 831 946 72
5945 11628 946 72
7456 13495 946 72
777 2513 946 72
14174 6125 946 72
2285 3156 946 72
777 2219 946 72
8366 4438 946 72
5379 2513 946 72
7799 2219 946 72
829 12504 154 1136
13643 10852 154 1136
6233 642 154 1136
6724 7516 154 1136
8656 3815 154 1136
1061 642 154 1136
10701 14055 154 1136
633 3676 154 1136
12341 4747 154 1136
10640 10486 154 1136
11505 10083 154 1136
11764 6128 154 1136
6400 5707 154 1136
6565 10709 154 1136
10715 4709 154 1136
3947 2366 154 1136
6474 7329 154 1136
12044 1430 154 1136
12422 1430 154 1136
6418 590 154 1136
10385 10083 154 1136
2005 9089 154 1136
4807 4458 154 1136
5019 14472 154 1136
1076 14055 154 1136
1671 7343 154 1136
2185 10486 154 1136
2246 362 154 1136
1076 4395 154 1136
3370 1253 154 1136
4658 5109 154 1136
6495 14068 154 1136
2870 5707 154 1136
6347 10459 154 1136
13534 10709 154 1136
13932 10459 154 1136
107 13475 154 1136
9702 1656 154 1136
11706 7516 154 1136
6588 13788 154 1136
11764 14472 154 1136
1076 8845 154 1136
13167 4709 154 1136
5978 2366 154 1136
9927 7606 154 1136
7568 1265 154 1136
8759 14472 154 1136
8645 2366 154 1136
11373 1424 154 1136
9092 1863 154 1136
369 759 154 1136
96 5707 154 1136
1638 13788 154 1136
13214 14212 154 1136
10715 9287 154 1136
6423 126 154 1136
13820 7606 154 1136
5019 10709 154 1136
258 10450 154 1136
8938 10996 154 1136
11764 7343 154 1136
7691 13475 154 1136
9927 12504 154 1136
10152 126 154 1136
6441 7343 154 1136
4451 9724 154 1136
8846 7329 154 1136
10150 362 154 1136
9982 5707 154 1136
2780 5109 154 1136
7587 6753 154 1136
5867 10486 154 1136
10220 14829 154 1136
5542 14829 154 1136
7985 5109 154 1136
9857 7343 154 1136
9214 6753 154 1136
2005 1424 154 1136
12181 7516 154 1136
3943 362 154 1136
3370 7329 154 1136
1638 10083 154 1136
2494 126 154 1136
1444 6128 154 1136
11680 4709 154 1136
7587 13475 154 1136
6474 590 154 1136
13297 10083 154 1136
9857 7329 154 1136
8759 12504 154 1136
8332 362 154 1136
7295 11320 154 1136
2178 948 154 1136
10239 7329 154 1136
11373 10996 154 1136
1850 7194 154 1136
1850 9735 154 1136
9925 13788 154 1136
96 3815 154 1136
107 10598 154 1136
7946 9213 154 1136
10715 9213 154 1136
2914 11320 957 1136
7587 13475 957 1136
829 12504 957 1136
5978 2366 957 1136
8732 1253 957 1136
11764 7343 957 1136
6418 590 957 1136
5542 14829 957 1136
13643 10852 957 1136
107 10598 957 1136
2185 10486 957 1136
13932 10459 957 1136
96 5707 957 1136
10715 9287 957 1136
2005 1424 957 1136
1061 642 957 1136
1076 8845 957 1136
3370 7329 957 1136
12857 3359 957 1136
10701 14055 957 1136
9702 1656 957 1136
7946 9213 957 1136
1671 7343 957 1136
8645 2366 957 1136
5867 10486 957 1136
12181 7516 957 1136
2246 362 957 1136
11373 10996 957 1136
13820 7606 957 1136
6565 10709 957 1136
880 642 957 1136
369 759 957 1136
6724 7516 957 1136
2780 5109 957 1136
14860 1707 957 1136
8079 1253 957 1136
12341 7923 957 1136
11505 10083 957 1136
5019 14472 957 1136
6233 642 957 1136
13167 4709 957 1136
2494 126 957 1136
3388 2371 957 1136
9857 7343 957 1136
96 3815 957 1136
8895 9724 957 1136
2193 126 957 1136
13214 14212 957 1136
1076 4395 957 1136
4807 4458 957 1136
4658 5109 957 1136
9092 1863 957 1136
14306 3815 957 1136
11764 6128 957 1136
633 3676 957 1136
10701 7343 957 1136
9925 13788 957 1136
6400 5707 957 1136
633 13475 957 1136
7587 6753 957 1136
6441 7343 957 1136
10220 14829 957 1136
8846 7329 957 1136
6588 12218 957 1136
6418 1265 957 1136
9927 12504 957 1136
12341 4747 957 1136
8759 14472 957 1136
5019 10709 957 1136
7985 5109 957 1136
13167 1707 957 1136
12422 1430 957 1136
12044 1430 957 1136
6495 14068 957 1136
10150 362 957 1136
1850 7194 957 1136
8656 3815 957 1136
6474 7329 957 1136
7295 11320 957 1136
3370 1253 957 1136
3943 362 957 1136
8938 10996 957 1136
7568 1265 957 1136
7009 11320 957 1136
11764 14472 957 1136
3947 2366 957 1136
6347 10459 957 1136
11680 4709 957 1136
10715 4709 957 1136
1638 13788 957 1136
10274 10598 957 1136
9982 5707 957 1136
2870 5707 957 1136
10640 10486 957 1136
4451 9724 957 1136
10715 9213 957 1136
10239 7329 957 1136
6474 590 957 1136
6347 10459 980 1136
6423 126 980 1136
5542 14829 980 1136
8332 362 980 1136
5867 10486 980 1136
2178 948 980 1136
9927 7606 980 1136
11706 7516 980 1136
2780 5109 980 1136
1850 9735 980 1136
4807 4458 980 1136
10274 10598 980 1136
7568 1265 980 1136
9927 12504 980 1136
8846 7329 980 1136
1076 4395 980 1136
107 13475 980 1136
1638 13788 980 1136
6724 7516 980 1136
1671 7343 980 1136
4451 9724 980 1136
12181 7516 980 1136
633 3676 980 1136
2185 10486 980 1136
2870 5707 980 1136
13643 10852 980 1136
2914 11320 980 1136
2494 126 980 1136
6400 5707 980 1136
8759 14472 980 1136
3947 2366 980 1136
7985 5109 980 1136
9702 1656 980 1136
107 10598 980 1136
6588 13788 980 1136
14306 3815 980 1136
8938 10996 980 1136
369 759 980 1136
11764 14472 980 1136
13214 14212 980 1136
13820 7606 980 1136
13297 10083 980 1136
3943 362 980 1136
258 10450 980 1136
1061 642 980 1136
6565 10709 980 1136
9092 1863 980 1136
6474 7329 980 1136
13167 4709 980 1136
880 642 980 1136
11764 7343 980 1136
829 12504 980 1136
96 5707 980 1136
6495 14068 980 1136
1638 10083 980 1136
7295 11320 980 1136
3370 1253 980 1136
5978 2366 980 1136
6474 590 980 1136
11764 6128 980 1136
14860 1707 980 1136
8759 12504 980 1136
10640 10486 980 1136
11505 10083 980 1136
10220 14829 980 1136
2246 362 980 1136
6495 1707 980 1136
12422 1430 980 1136
9362 1707 980 1136
13167 1707 980 1136
7587 6753 980 1136
9857 7329 980 1136
6418 1265 980 1136
12857 3359 980 1136
10715 4709 980 1136
10385 10083 980 1136
7587 13475 980 1136
96 3815 980 1136
4658 5109 980 1136
9925 13788 980 1136
5019 10709 980 1136
10701 14055 980 1136
7946 9213 980 1136
633 13475 980 1136
1850 7194 980 1136
9982 5707 980 1136
237 10996 980 1136
2005 1424 980 1136
8656 3815 980 1136
9214 6753 980 1136
13932 10459 980 1136
8895 9724 980 1136
8732 1253 980 1136
10152 126 980 1136
9857 7343 980 1136
12044 1430 980 1136
10150 362 980 1136
6441 7343 980 1136
6418 590 980 1136
5019 14472 980 1136
11373 1424 980 1136
6474 10852 980 1136
9717 630 745 670
4450 13903 745 670
7657 5995 745 670
5950 13846 745 670
6583 630 745 670
1262 13903 745 670
14308 5995 745 670
8961 13903 745 670
14715 13846 745 670
6423 13846 745 670
12611 630 745 670
5454 13846 745 670
2960 13846 745 670
1620 5995 745 670
11444 13903 745 670
5978 13846 745 670
4716 13903 745 670
13972 5995 745 670
7548 630 745 670
527 13846 745 670
14308 13846 745 670
7985 13903 745 670
11928 13846 745 670
13765 5995 745 670
6315 13903 745 670
1350 630 745 670
12057 5995 745 670
9534 13846 745 670
12695 5995 745 670
9046 13903 745 670
2791 13846 745 670
4742 13903 745 670
3868 5995 745 670
13974 13846 745 670
12181 13903 745 670
6797 13846 745 670
3991 13903 745 670
13671 13846 745 670
7324 13846 745 670
11781 630 745 670
6224 5995 745 670
1654 13903 745 670
3946 13846 745 670
4464 13846 745 670
14727 5995 745 670
12940 630 745 670
3857 13846 745 670
11542 5995 745 670
12175 13846 745 670
11904 5995 745 670
8228 5995 745 670
7847 5995 745 670
365 5995 745 670
229 13903 745 670
2713 5995 745 670
11543 5995 745 670
1353 5995 745 670
13652 13903 745 670
12140 13846 745 670
1076 630 745 670
715 11367 745 670
7356 13903 745 670
1020 13903 745 670
9120 13846 745 670
6305 13903 745 670
799 13846 745 670
225 630 745 670
14058 13846 745 670
4705 13903 745 670
7946 13846 745 670
12940 5995 745 670
4396 13903 745 670
10872 13903 745 670
2195 630 745 670
390 13903 745 670
7531 5995 745 670
5278 630 745 670
5665 630 745 670
11730 13903 745 670
14346 13903 745 670
10766 13846 745 670
2151 5995 745 670
3433 13903 745 670
10437 13903 745 670
8026 13903 745 670
8645 5995 745 670
12422 13903 745 670
13060 13846 745 670
3558 13903 745 670
11579 13846 745 670
13767 13846 745 670
8383 5995 745 670
10623 5995 745 670
390 630 745 670
12120 630 745 670
12234 13846 745 670
11730 630 745 670
4121 13903 745 670
4121 13846 745 670
3165 13903 745 670
2766 13846 745 670
10711 13903 745 670
12745 13846 745 670
11497 13846 745 670
2112 13846 745 670
6693 5995 745 670
6588 630 745 670
14816 5995 745 670
7438 13846 745 670
355 13846 745 670
940 630 745 670
13573 13846 745 670
13869 13846 745 670
13604 630 745 670
3737 13846 745 670
8478 5995 745 670
2549 13903 745 670
4987 5995 745 670
8558 5995 745 670
6400 5995 745 670
5261 5995 745 670
3410 13846 745 670
9427 13846 745 670
7798 5995 745 670
11995 5995 745 670
11542 630 745 670
3787 5995 745 670
11722 13846 745 670
1215 5995 745 670
8801 13846 745 670
10128 13903 745 670
2887 13903 745 670
940 5995 745 670
12857 630 745 670
6027 13903 745 670
8732 13903 745 670
11854 630 745 670
12944 13903 745 670
7513 13903 745 670
3410 13903 745 670
8053 5995 745 670
9424 13903 745 670
13726 13846 745 670
7798 13903 745 670
2808 13903 745 670
107 5995 745 670
10401 13903 745 670
1505 630 745 670
11668 5995 745 670
5609 5995 745 670
9014 5995 745 670
10878 13846 745 670
598 13903 745 670
4019 13846 745 670
3897 13846 745 670
5677 13903 745 670
11764 13846 745 670
2030 5995 745 670
3388 5995 745 670
10150 13903 745 670
8318 5995 745 670
14114 13903 745 670
1098 13846 745 670
3868 630 745 670
9418 13846 745 670
7513 5995 745 670
7356 5995 745 670
11561 5995 745 670
14918 630 745 670
3444 5995 745 670
11768 13846 745 670
107 630 745 670
5259 630 745 670
279 13903 745 670
1869 13903 745 670
12140 5995 745 670
11751 5995 745 670
13173 13846 745 670
8432 13903 745 670
8846 13846 745 670
14910 13903 745 670
1098 5995 745 670
8106 13846 745 670
14239 630 745 670
6711 5995 745 670
1534 13846 745 670
12715 13846 745 670
3946 13903 745 670
3506 5995 745 670
11386 5995 745 670
10623 630 745 670
13173 13903 745 670
9536 13846 745 670
13012 13846 745 670
11497 13903 745 670
13066 13903 745 670
12175 13903 745 670
12179 13903 745 670
2808 630 745 670
385 13846 745 670
11730 5995 745 670
13173 630 745 670
969 13903 745 670
12111 13846 745 670
2725 13903 745 670
8961 13846 745 670
4450 630 745 670
13507 13903 745 670
11386 13846 745 670
14355 13903 745 670
3868 13903 745 670
14306 13846 745 670
11392 630 745 670
1729 630 745 670
4765 13846 745 670
14423 13903 745 670
10701 5995 745 670
11444 5995 745 670
1060 630 745 670
8801 13903 745 670
4695 5995 745 670
5979 5995 745 670
1596 5995 745 670
3986 630 745 670
10637 13903 745 670
234 5995 745 670
10348 13846 745 670
6102 5995 745 670
13942 13903 745 670
234 630 745 670
6595 5995 745 670
5325 630 745 670
14756 630 745 670
12731 5995 745 670
7847 13846 745 670
1632 5995 745 670
5253 630 745 670
2914 13903 745 670
14843 630 745 670
11640 5995 745 670
4148 5995 745 670
7548 5995 745 670
1620 630 745 670
1410 630 745 670
12857 13903 745 670
8732 630 745 670
11640 630 745 670
1671 13846 745 670
161 13846 745 670
2870 13903 745 670
858 5995 745 670
3835 13903 745 670
2112 13903 745 670
7229 630 745 670
13297 13903 745 670
13124 13846 745 670
1444 13903 745 670
14949 13903 745 670
2549 5995 745 670
11274 5995 745 670
8260 13903 745 670
12175 5995 745 670
11543 13846 745 670
2737 5995 745 670
4442 630 745 670
3928 13846 745 670
8106 13903 745 670
13284 5995 745 670
3524 630 745 670
7977 630 745 670
9925 13903 745 670
4148 13846 745 670
10814 13903 745 670
4492 13903 745 670
4680 13846 745 670
12305 13903 745 670
4765 13903 745 670
2178 5995 745 670
8431 5995 745 670
5625 13903 745 670
13869 13903 745 670
14114 630 745 670
11096 630 745 670
11266 5995 745 670
2419 630 745 670
3787 630 745 670
1505 5995 745 670
9348 5995 745 670
13012 13903 745 670
9702 13846 745 670
2840 13846 745 670
13604 13846 745 670
3051 13846 745 670
1215 13846 745 670
10868 5995 745 670
10781 5995 745 670
10715 630 745 670
6307 5995 745 670
11444 13846 745 670
13395 630 745 670
1817 13846 745 670
5390 5995 745 670
5361 5995 745 670
4376 13846 745 670
3065 13903 745 670
13972 13903 745 670
3345 630 745 670
4451 630 745 670
8228 13903 745 670
7977 5995 745 670
1729 13846 745 670
13820 5995 745 670
9534 13903 745 670
14634 5995 745 670
6054 13903 745 670
10989 13846 745 670
5960 5995 745 670
3409 630 745 670
599 13846 745 670
9564 5995 745 670
12857 5995 745 670
11434 13846 745 670
6441 630 745 670
14858 630 745 670
10766 5995 745 670
4376 5995 745 670
8079 5995 745 670
14201 630 745 670
12341 5995 745 670
2213 5995 745 670
10352 13846 745 670
10907 13903 745 670
4742 13846 745 670
385 630 745 670
4283 13903 745 670
14569 13846 745 670
3065 13846 745 670
9362 5995 745 670
10715 5995 745 670
527 630 745 670
13726 5995 745 670
3828 630 745 670
10293 13846 745 670
8348 5995 745 670
6890 5995 745 670
10640 630 745 670
8846 13903 745 670
11928 13903 745 670
11400 5995 745 670
11002 630 745 670
903 630 745 670
4516 5995 745 670
3051 13903 745 670
3928 5995 745 670
8870 5995 745 670
12944 5995 745 670
12745 630 745 670
2631 13846 745 670
14792 630 745 670
8270 13903 745 670
5286 5995 745 670
8666 13903 745 670
6495 13846 745 670
12940 13903 745 670
5813 13903 745 670
9556 13903 745 670
12016 630 745 670
10711 630 745 670
6955 5995 745 670
3466 630 745 670
12815 630 745 670
5142 13903 745 670
12859 13846 745 670
4464 5995 745 670
6298 5995 745 670
10385 5995 745 670
10391 5995 745 670
6983 5995 745 670
1213 630 745 670
3094 630 745 670
4146 13903 745 670
3405 13903 745 670
14924 13903 745 670
10448 630 745 670
3004 13846 745 670
11854 5995 745 670
8318 13846 745 670
5456 5995 745 670
5532 5995 745 670
3172 630 745 670
6042 13846 745 670
2046 13846 745 670
3519 13903 745 670
13289 5995 745 670
14723 5995 745 670
7716 13903 745 670
8478 13903 745 670
9721 5995 745 670
14858 13846 745 670
5278 5995 745 670
6298 13846 745 670
8624 13846 745 670
3129 13846 745 670
8828 630 745 670
6955 13903 745 670
10868 630 745 670
8271 13846 745 670
9721 13903 745 670
4232 13903 745 670
10152 13846 745 670
11543 630 745 670
633 13903 745 670
11747 13846 745 670
11776 13903 745 670
13572 5995 745 670
9982 13903 745 670
3345 13846 745 670
14346 630 745 670
12732 13846 745 670
715 13903 745 670
369 630 745 670
14715 5995 745 670
14118 5995 745 670
1409 13903 745 670
6930 13903 745 670
13765 13903 745 670
13274 13846 106 670
11434 13846 106 670
7224 13846 106 670
6828 13846 106 670
14346 13903 106 670
10152 13846 106 670
11543 13846 106 670
11444 5995 106 670
1410 630 106 670
9564 5995 106 670
4464 13846 106 670
10715 5995 106 670
12402 13903 106 670
2549 13903 106 670
7716 13903 106 670
3835 13903 106 670
9014 5995 106 670
2666 13846 106 670
14727 5995 106 670
3558 13903 106 670
4148 5995 106 670
13942 13903 106 670
8732 13903 106 670
8431 5995 106 670
107 630 106 670
9721 5995 106 670
1654 13903 106 670
858 5995 106 670
13141 13903 106 670
9120 13846 106 670
5625 13903 106 670
9024 13903 106 670
4376 5995 106 670
7847 13846 106 670
11542 5995 106 670
2960 13846 106 670
13182 630 106 670
14949 13903 106 670
8106 13846 106 670
7657 5995 106 670
3506 5995 106 670
229 13903 106 670
4765 5995 106 670
616 13903 106 670
2549 5995 106 670
12815 630 106 670
3051 630 106 670
4987 5995 106 670
8478 5995 106 670
2494 5995 106 670
14308 5995 106 670
12732 13846 106 670
10907 13903 106 670
4516 5995 106 670
13726 13846 106 670
2112 13846 106 670
9717 630 106 670
2046 13846 106 670
6955 13846 106 670
8228 13903 106 670
10448 630 106 670
4680 5995 106 670
13173 630 106 670
1534 13903 106 670
369 630 106 670
969 13903 106 670
10861 630 106 670
3172 630 106 670
1850 630 106 670
598 13903 106 670
9418 13846 106 670
10868 5995 106 670
9925 13903 106 670
2840 5995 106 670
10781 5995 106 670
9424 13903 106 670
14691 5995 106 670
3835 630 106 670
799 13846 106 670
14417 13903 106 670
4563 630 106 670
225 630 106 670
8079 13903 106 670
9534 13903 106 670
11444 13846 106 670
1444 13903 106 670
8961 13903 106 670
2960 630 106 670
5390 5995 106 670
14858 630 106 670
4773 13903 106 670
1505 5995 106 670
9046 13846 106 670
2808 13903 106 670
9536 13846 106 670
10766 5995 106 670
11386 5995 106 670
4451 630 106 670
7513 5995 106 670
6027 13903 106 670
7172 13846 106 670
107 5995 106 670
9702 13846 106 670
14355 13903 106 670
7946 13846 106 670
10605 630 106 670
13604 630 106 670
13124 13846 106 670
13972 13903 106 670
13820 5995 106 670
8318 13846 106 670
1729 13846 106 670
3165 13903 106 670
7229 630 106 670
3094 630 106 670
12944 13903 106 670
12940 5995 106 670
234 630 106 670
4464 5995 106 670
1505 630 106 670
4121 13903 106 670
4705 13903 106 670
6451 5995 106 670
13765 13903 106 670
3405 13903 106 670
5979 5995 106 670
616 630 106 670
5278 630 106 670
4450 13903 106 670
5677 13903 106 670
9348 5995 106 670
3065 13846 106 670
11995 5995 106 670
8961 13846 106 670
5261 5995 106 670
10391 5995 106 670
6418 13903 106 670
11751 5995 106 670
3980 5995 106 670
13012 13846 106 670
10401 13903 106 670
715 11367 106 670
6400 5995 106 670
13307 13903 106 670
11400 13903 106 670
10239 630 106 670
6441 13903 106 670
2808 630 106 670
2898 13846 106 670
3897 13846 106 670
13974 5995 106 670
13652 13903 106 670
1632 5995 106 670
1213 630 106 670
633 13903 106 670
10640 630 106 670
3065 13903 106 670
4742 13903 106 670
2914 13903 106 670
13066 13903 106 670
10421 630 106 670
10711 630 106 670
1409 13903 106 670
14715 13846 106 670
12175 5995 106 670
6305 13903 106 670
6955 13903 106 670
10715 630 106 670
2766 13846 106 670
3947 5995 106 670
8801 13846 106 670
13671 13846 106 670
4442 630 106 670
6693 5995 106 670
880 13846 106 670
3991 630 106 670
13869 13846 106 670
8732 630 106 670
4492 13903 106 670
9975 13903 106 670
390 13903 106 670
14547 13846 106 670
3345 630 106 670
4964 13903 106 670
7548 630 106 670
1020 13903 106 670
1729 630 106 670
9362 5995 106 670
10868 630 106 670
14924 13903 106 670
2213 5995 106 670
12731 5995 106 670
12616 13846 106 670
1671 13846 106 670
14918 630 106 670
11555 5995 106 670
981 5995 106 670
12120 630 106 670
6930 13903 106 670
1869 13903 106 670
14634 5995 106 670
13564 630 106 670
12745 630 106 670
10872 13903 106 670
4695 5995 106 670
11386 13846 106 670
14346 630 106 670
6797 13846 106 670
3868 13903 106 670
12234 13846 106 670
12179 13903 106 670
6054 13903 106 670
13869 13903 106 670
14058 13846 106 670
13149 13903 106 670
7548 5995 106 670
13289 5995 106 670
2840 13846 106 670
3868 630 106 670
9427 13846 106 670
13173 13846 106 670
1353 5995 106 670
8478 13903 106 670
10293 13846 106 670
3051 13846 106 670
13572 5995 106 670
7324 13846 106 670
14910 13903 106 670
11854 5995 106 670
2195 630 106 670
5253 630 106 670
11722 13846 106 670
12140 13846 106 670
1098 13846 106 670
11392 630 106 670
11497 13903 106 670
1060 630 106 670
9534 13846 106 670
7798 13903 106 670
12057 5995 106 670
4862 5995 106 670
1935 13846 106 670
12794 630 106 670
161 13846 106 670
829 630 106 670
10878 13846 106 670
2791 13846 106 670
8645 5995 106 670
8624 13846 106 670
9214 630 106 670
8270 13903 106 670
2887 13903 106 670
3388 5995 106 670
355 13846 106 670
5286 5995 106 670
6042 13846 106 670
13767 13846 106 670
11854 630 106 670
1620 5995 106 670
10385 5995 106 670
14816 5995 106 670
12690 11367 106 670
11542 630 106 670
14792 630 106 670
11274 5995 106 670
4019 13846 106 670
5665 630 106 670
1638 13903 106 670
13149 5995 106 670
1215 5995 106 670
1620 630 106 670
5960 13846 106 670
3787 630 106 670
7977 5995 106 670
6595 5995 106 670
4376 13846 106 670
3409 630 106 670
12000 5995 106 670
3946 13846 106 670
6423 13846 106 670
12715 13846 106 670
13297 13903 106 670
8801 13903 106 670
12745 13846 106 670
2737 630 106 670
8271 13846 106 670
940 5995 106 670
10766 13846 106 670
2178 13846 106 670
8318 5995 106 670
12140 5995 106 670
2938 630 106 670
3737 13846 106 670
8228 5995 106 670
11730 13903 106 670
10711 13846 106 670
7977 630 106 670
5153 13846 106 670
4247 630 106 670
2112 13903 106 670
6224 13903 106 670
3051 13903 106 670
11543 5995 106 670
8079 5995 106 670
9541 630 106 670
3345 13846 106 670
6102 5995 106 670
3410 13846 106 670
11003 630 106 670
7472 630 106 670
8666 13903 106 670
10352 13846 106 670
5454 13846 106 670
12341 5995 106 670
940 630 106 670
4680 13846 106 670
11579 13846 106 670
8442 5995 106 670
3129 13846 106 670
5445 13903 106 670
13012 13903 106 670
3991 13903 106 670
6305 13846 106 670
11928 13846 106 670
5609 13903 106 670
6315 13903 106 670
1215 13846 106 670
2870 13903 106 670
3946 13903 106 670
5813 13903 106 670
2631 13846 106 670
6298 13846 106 670
8828 630 106 670
12695 630 106 670
527 13846 106 670
11730 5995 106 670
3444 5995 106 670
14756 630 106 670
8558 5995 106 670
14682 13903 106 670
12611 630 106 670
5142 13903 106 670
7438 13846 106 670
2713 13903 106 670
903 630 106 670
14715 5995 106 670
12859 13846 106 670
14843 630 106 670
13395 630 106 670
715 13903 106 670
13726 5995 106 670
11497 13846 106 670
11747 13846 106 670
4716 13903 106 670
365 5995 106 670
11668 5995 106 670
12857 5995 106 670
2255 13903 106 670
7356 5995 106 670
12175 13846 106 670
10814 13903 106 670
2725 630 106 670
3370 13846 106 670
3410 13903 106 670
11776 13903 106 670
14306 13846 106 670
8870 5995 106 670
3986 630 106 670
6711 5995 106 670
13060 13846 106 670
814 13903 106 670
12953 13903 106 670
2713 5995 106 670
390 630 106 670
12422 13903 106 670
3200 5995 106 670
1410 13846 106 670
12175 13903 106 670
13507 13903 106 670
11928 13903 106 670
5278 5995 106 670
385 630 106 670
10623 630 106 670
5456 5995 106 670
14723 5995 106 670
4765 13846 106 670
6588 630 106 670
7377 13846 106 670
12940 630 106 670
13173 13903 106 670
11543 630 106 670
4716 630 106 670
1098 5995 106 670
11266 5995 106 670
4121 13846 106 670
12857 13903 106 670
10128 13903 106 670
3524 630 106 670
10150 13903 106 670
6298 5995 106 670
13765 5995 106 670
2766 630 106 670
5867 5995 106 670
14858 13846 106 670
11640 630 106 670
11781 630 106 670
2178 5995 106 670
1596 5995 106 670
14118 5995 106 670
14239 630 106 670
12944 5995 106 670
6955 5995 106 670
6474 13903 106 670
6798 5995 106 670
5960 5995 106 670
8846 13903 106 670
5286 13903 106 670
6890 5995 106 670
14308 13846 106 670
9982 13903 106 670
8106 13903 106 670
7985 13903 106 670
6983 5995 106 670
4396 13903 106 670
6315 630 106 670
3868 5995 106 670
11002 630 106 670
1262 13903 106 670
10437 13903 106 670
5361 5995 106 670
5325 630 106 670
1534 13846 106 670
14058 13903 106 670
10637 13903 106 670
14569 13846 106 670
3519 13903 106 670
599 13846 106 670
12857 630 106 670
5950 13846 106 670
4146 13903 106 670
7847 5995 449 670
10348 13846 449 670
13173 630 449 670
903 630 449 670
6798 5995 449 670
11730 630 449 670
4442 630 449 670
4146 13903 449 670
10701 5995 449 670
7847 13846 449 670
6298 13846 449 670
8666 13903 449 670
616 630 449 670
5445 13903 449 670
9925 13903 449 670
8431 5995 449 670
12016 630 449 670
2193 630 449 670
1409 13903 449 670
13820 5995 449 670
8846 13846 449 670
4019 13846 449 670
6307 5995 449 670
5153 13846 449 670
10448 630 449 670
3787 5995 449 670
1596 5995 449 670
11003 630 449 670
1098 5995 449 670
2195 630 449 670
3065 13846 449 670
12234 13846 449 670
7548 5995 449 670
3986 630 449 670
11542 5995 449 670
12857 5995 449 670
2960 630 449 670
814 13903 449 670
4396 13903 449 670
11444 13846 449 670
2419 630 449 670
13149 13903 449 670
1215 5995 449 670
1671 13846 449 670
8624 13846 449 670
9721 5995 449 670
11640 630 449 670
7172 13846 449 670
1935 13846 449 670
13173 13903 449 670
10814 13903 449 670
14691 5995 449 670
11542 630 449 670
14294 5995 449 670
12944 13903 449 670
5278 5995 449 670
13307 13903 449 670
8558 5995 449 670
369 630 449 670
3004 13846 449 670
3835 13903 449 670
11386 13846 449 670
14949 13903 449 670
6983 5995 449 670
981 5995 449 670
14058 13846 449 670
13289 5995 449 670
6451 5995 449 670
13066 13903 449 670
2255 13903 449 670
107 5995 449 670
6441 630 449 670
5960 5995 449 670
9564 5995 449 670
4464 5995 449 670
8053 5995 449 670
12000 5995 449 670
3928 5995 449 670
10352 13846 449 670
8846 13903 449 670
12422 13903 449 670
9427 13846 449 670
7798 5995 449 670
2808 630 449 670
279 13903 449 670
13942 13903 449 670
11747 13846 449 670
2631 13846 449 670
2178 13846 449 670
4716 630 449 670
12940 5995 449 670
2549 13903 449 670
527 630 449 670
4376 13846 449 670
4376 5995 449 670
14423 13903 449 670
8106 13903 449 670
10861 630 449 670
10637 13903 449 670
9046 13846 449 670
14858 630 449 670
7377 13846 449 670
7356 13903 449 670
11274 5995 449 670
3828 630 449 670
2766 13846 449 670
9362 5995 449 670
14727 5995 449 670
3405 13903 449 670
4232 13903 449 670
5979 5995 449 670
1020 13903 449 670
880 13846 449 670
4680 5995 449 670
14114 630 449 670
10391 5995 449 670
385 630 449 670
8442 5995 449 670
11904 5995 449 670
385 13846 449 670
8014 13903 449 670
527 13846 449 670
4765 13903 449 670
1076 630 449 670
5677 13903 449 670
5867 5995 449 670
10150 13903 449 670
10711 13903 449 670
12140 13846 449 670
2914 13903 449 670
4563 630 449 670
13765 5995 449 670
10293 13846 449 670
11386 5995 449 670
3980 5995 449 670
12815 630 449 670
6711 5995 449 670
1060 630 449 670
6400 5995 449 670
10623 5995 449 670
8478 13903 449 670
9717 630 449 670
12611 630 449 670
9348 5995 449 670
6224 13903 449 670
8271 13846 449 670
2151 5995 449 670
5625 13903 449 670
14114 13903 449 670
1534 13903 449 670
3991 630 449 670
598 13903 449 670
9702 13846 449 670
4964 13903 449 670
11668 5995 449 670
8478 5995 449 670
8383 5995 449 670
12940 630 449 670
11400 13903 449 670
4773 13903 449 670
1632 5995 449 670
5960 13846 449 670
13124 13846 449 670
1213 630 449 670
2046 13846 449 670
7985 13903 449 670
10640 630 449 670
4516 5995 449 670
10605 630 449 670
9424 13903 449 670
1098 13846 449 670
12859 13846 449 670
11995 5995 449 670
3897 13846 449 670
6042 13846 449 670
12794 630 449 670
2938 630 449 670
2960 13846 449 670
4247 630 449 670
5454 13846 449 670
11555 5995 449 670
10150 630 449 670
9534 13846 449 670
1505 5995 449 670
2737 5995 449 670
11722 13846 449 670
11768 13846 449 670
1350 630 449 670
2666 13846 449 670
2213 5995 449 670
11096 630 449 670
10401 13903 449 670
3868 630 449 670
8961 13846 449 670
8348 5995 449 670
8106 13846 449 670
6890 5995 449 670
10152 13846 449 670
4716 13903 449 670
2898 13846 449 670
161 13846 449 670
3868 13903 449 670
6418 13903 449 670
1215 13846 449 670
11033 13846 449 670
10868 630 449 670
6315 630 449 670
599 13846 449 670
6955 5995 449 670
6441 13903 449 670
2713 5995 449 670
11730 5995 449 670
1410 630 449 670
7513 13903 449 670
13507 13903 449 670
3946 13903 449 670
5978 13846 449 670
13974 5995 449 670
14308 5995 449 670
8228 13903 449 670
10421 630 449 670
2791 13846 449 670
5456 5995 449 670
14417 13903 449 670
14346 13903 449 670
9556 13903 449 670
6495 13846 449 670
715 11367 449 670
14682 13903 449 670
3051 630 449 670
14239 630 449 670
6583 630 449 670
365 5995 449 670
390 630 449 670
1817 13846 449 670
3172 630 449 670
4148 5995 449 670
13182 630 449 670
3345 13846 449 670
12057 5995 449 670
10781 5995 449 670
12175 5995 449 670
2112 13846 449 670
6305 13903 449 670
7166 630 449 670
10715 5995 449 670
9982 13903 449 670
14756 630 449 670
3410 13846 449 670
11497 13846 449 670
13671 13846 449 670
11854 5995 449 670
4464 13846 449 670
7438 13846 449 670
3868 5995 449 670
7548 630 449 670
10385 5995 449 670
234 5995 449 670
6828 13846 449 670
633 13903 449 670
11764 13846 449 670
8318 13846 449 670
13765 13903 449 670
1869 13903 449 670
12181 13903 449 670
11854 630 449 670
234 630 449 670
4121 13903 449 670
14715 5995 449 670
5813 13903 449 670
858 5995 449 670
9014 5995 449 670
9214 630 449 670
4862 5995 449 670
10872 13903 449 670
969 13903 449 670
3466 630 449 670
11400 5995 449 670
4450 630 449 670
8732 630 449 670
14308 13846 449 670
1410 13846 449 670
3787 630 449 670
1444 13903 449 670
10128 13903 449 670
3946 13846 449 670
3410 13903 449 670
2494 5995 449 670
1620 630 449 670
5286 5995 449 670
9046 13903 449 670
14118 5995 449 670
225 630 449 670
8828 630 449 670
10623 630 449 670
12594 5995 449 670
3991 13903 449 670
5142 13903 449 670
5609 5995 449 670
8732 13903 449 670
7224 13846 449 670
7798 13903 449 670
3857 13846 449 670
3835 630 449 670
3506 5995 449 670
10907 13903 449 670
13149 5995 449 670
1620 5995 449 670
5609 13903 449 670
5253 630 449 670
3947 5995 449 670
11781 630 449 670
11543 630 449 670
10711 13846 449 670
8228 5995 449 670
13395 630 449 670
107 630 449 670
2840 5995 449 670
9541 630 449 670
4705 13903 449 670
3094 630 449 670
4393 5995 449 670
11928 13903 449 670
12616 13846 449 670
6955 13846 449 670
14792 630 449 670
3558 13903 449 670
4148 13846 449 670
3345 630 449 670
14346 630 449 670
13726 5995 449 670
5361 5995 449 670
12695 630 449 670
13972 13903 449 670
14569 13846 449 670
355 13846 449 670
6305 13846 449 670
4680 13846 449 670
6588 630 449 670
10766 5995 449 670
229 13903 449 670
14201 630 449 670
2808 13903 449 670
14715 13846 449 670
5325 630 449 670
11751 5995 449 670
7531 5995 449 670
7716 13903 449 670
11444 5995 449 670
11497 13903 449 670
8079 13903 449 670
3433 13903 449 670
2030 5995 449 670
13652 13903 449 670
4121 13846 449 670
6027 13903 449 670
8079 5995 449 670
6693 5995 449 670
3737 13846 449 670
10715 630 449 670
2725 630 449 670
3388 5995 449 670
12690 11367 449 670
1850 630 449 670
8645 5995 449 670
12794 13903 449 670
4492 13846 449 670
940 5995 449 670
14858 13846 449 670
12305 13903 449 670
3928 13846 449 670
2887 13903 449 670
13974 13846 449 670
11002 630 449 670
4987 5995 449 670
7946 13846 449 670
13972 5995 449 670
8478 630 449 670
13604 630 449 670
2112 13903 449 670
3172 13903 449 670
12745 630 449 670
7472 630 449 670
10711 630 449 670
6224 5995 449 670
390 13903 449 670
14723 5995 449 670
7324 13846 449 670
12732 13846 449 670
1505 630 449 670
1729 13846 449 670
2870 13903 449 670
8026 13903 449 670
12940 13903 449 670
6474 13903 449 670
11640 5995 449 670
8260 13903 449 670
11561 5995 449 670
13012 13903 449 670
10989 13846 449 670
829 630 449 670
7977 630 449 670
11579 13846 449 670
5532 5995 449 670
12179 13903 449 670
12715 13846 449 670
3129 13846 449 670
616 13903 449 670
13274 13846 449 670
4765 5995 449 670
1262 13903 449 670
12140 5995 449 670
13284 5995 449 670
2549 5995 449 670
10868 5995 449 670
7356 5995 449 670
9418 13846 449 670
12953 13903 449 670
9024 13903 449 670
8801 13903 449 670
11776 13903 449 670
6315 13903 449 670
9975 13903 449 670
10437 13903 449 670
14058 13903 449 670
11928 13846 449 670
6955 13903 449 670
3051 13903 449 670
5390 5995 449 670
9120 13846 449 670
13173 13846 449 670
10489 6855 373 753
12351 12893 373 753
14208 9193 373 753
7854 2895 373 753
8114 2895 373 753
838 2895 373 753
7035 4645 373 753
9109 2895 373 753
8806 1051 373 753
2102 2895 373 753
9998 1051 373 753
2822 4645 373 753
4692 6855 373 753
13491 6855 373 753
13418 12893 373 753
9797 12893 373 753
8114 1051 373 753
9274 12893 373 753
8129 12893 373 753
9274 6855 373 753
10606 4645 373 753
2917 4645 373 753
8303 2895 373 753
2640 1051 373 753
2822 6855 373 753
3385 14191 373 753
2431 4645 373 753
2640 12893 373 753
8675 6855 373 753
8114 4645 373 753
838 1051 373 753
6753 9214 1291 767
7923 8442 1291 767
590 6418 1291 767
10810 8270 1291 767
3962 10448 1291 767
14212 10808 1291 767
10459 2112 1291 767
10486 10274 1291 767
2366 7009 1291 767
10996 10660 1291 767
10450 7568 1291 767
13475 7587 1291 767
10083 14843 1291 767
7329 538 1291 767
13446 11392 1291 767
948 6233 1291 767
13788 13108 1291 767
6616 7548 1291 767
759 1671 1291 767
5109 5735 1291 767
1424 10715 1291 767
14055 3986 1291 767
10996 9721 1291 767
10486 2185 1291 767
4747 1121 1291 767
10810 6474 1291 767
10450 3928 1291 767
9952 8732 1291 767
13788 1638 1291 767
7194 1850 1291 767
10486 9014 1291 767
7329 3370 1291 767
10598 7952 1291 767
10459 13604 1291 767
10852 1671 1291 767
1707 3986 1291 767
3815 9927 1291 767
9213 14860 1291 767
1430 7001 1291 767
3815 13726 1291 767
3243 5454 1291 767
14055 7001 1291 767
2366 8829 1291 767
11320 1935 1291 767
7516 8332 1291 767
2366 8846 1291 767
10083 13464 1291 767
1656 9702 1291 767
1863 1935 1291 767
126 9214 1291 767
9213 13341 1291 767
7606 9927 1291 767
7761 2246 1291 767
4458 9606 1291 767
10450 258 1291 767
1872 9560 1291 767
13871 14682 1291 767
362 4019 1291 767
7343 10701 1291 767
10852 6418 1291 767
9223 8332 1291 767
14068 9487 1291 767
1107 1353 1291 767
14068 13564 1291 767
4747 12341 1291 767
2366 3947 1291 767
1253 2494 1291 767
1430 2030 1291 767
1430 12422 1291 767
4395 11743 1291 767
10459 11743 1291 767
1265 3094 1291 767
3815 11290 1291 767
9089 13932 1291 767
13871 1654 1291 767
6753 6495 1291 767
8395 13765 1291 767
13788 6588 1291 767
126 8656 1291 767
10709 4019 1291 767
9952 8656 1291 767
1253 13572 1291 767
7761 14550 1291 767
8845 9717 1291 767
12218 2960 1291 767
10709 12732 1291 767
4395 11543 1291 767
6753 8829 1291 767
10450 7977 1291 767
759 9214 1291 767
13871 13692 1291 767
9952 9046 1291 767
4709 2193 1291 767
10450 8801 1291 767
362 2246 1291 767
13788 14843 1291 767
9735 3980 1291 767
7516 10150 1291 767
2371 12341 1291 767
5109 4658 1291 767
1656 9560 1291 767
9735 4019 1291 767
759 369 1291 767
14068 13167 1291 767
11479 9280 391 1269
3820 2663 391 1269
2814 4767 391 1269
14787 13484 391 1269
5739 9280 391 1269
3820 1460 391 1269
8986 1488 391 1269
9995 4767 391 1269
521 1796 391 1269
12615 4767 391 1269
8783 13484 391 1269
4949 13484 391 1269
4005 2505 391 1269
4005 1488 391 1269
3229 4767 391 1269
3535 2334 391 1269
11479 2505 391 1269
11479 1460 391 1269
4664 13504 391 1269
8783 2505 391 1269
11865 13484 391 1269
5897 4767 391 1269
9260 7220 391 1269
4664 9280 391 1269
3376 2505 391 1269
3376 2334 391 1269
5739 4767 391 1269
3535 13484 391 1269
3826 1460 391 1269
2440 1796 391 1269
13811 1796 391 1269
3229 1488 391 1269
166 9280 391 1269
4000 4767 391 1269
4949 2505 391 1269
8147 4767 391 1269
8986 4767 391 1269
166 4767 391 1269
5764 9280 391 1269
2440 6966 391 1269
11865 2505 391 1269
2440 13504 391 1269
11432 2505 391 1269
7631 2334 391 1269
4721 2334 391 1269
14594 2334 391 1269
3229 13504 391 1269
3800 10714 391 1269
8147 2663 391 1269
9260 8152 391 1269
5419 1796 391 1269
521 7220 391 1269
13821 2334 391 1269
9260 2663 391 1269
1554 1488 391 1269
3164 1796 391 1269
166 2505 391 1269
3002 7220 391 1269
14594 2505 391 1269
6760 1488 391 1269
11143 2663 391 1269
3655 2334 391 1269
11432 7220 391 1269
3002 1796 391 1269
12615 10714 391 1269
14908 13504 391 1269
5764 4767 391 1269
3826 7220 391 1269
14154 8152 391 1269
10195 1488 391 1269
3820 1488 391 1269
3535 8152 391 1269
14154 1460 391 1269
4106 1488 391 1269
5897 13504 391 1269
7863 13484 391 1269
3826 13504 391 1269
8218 1460 391 1269
3820 7220 391 1269
3229 2505 391 1269
7863 2663 391 1269
12615 8152 391 1269
2814 13484 391 1269
4000 1488 391 1269
1216 2663 391 1269
3181 2334 391 1269
521 2505 391 1269
9995 13484 391 1269
3376 9280 391 1269
5764 13504 391 1269
2814 2663 391 1269
11865 8152 391 1269
3800 4767 391 1269
8783 2663 391 1269
4664 4767 391 1269
11815 8152 391 1269
14154 13484 391 1269
13811 7220 391 1269
4949 2663 391 1269
4106 4767 391 1269
2440 13484 391 1269
12398 1488 391 1269
11815 2663 391 1269
9870 5973 554 480
2610 5973 554 480
7068 5973 554 480
12493 5973 554 480
8131 5973 554 480
9566 5973 554 480
10095 5973 554 480
13965 5973 554 480
5704 5973 554 480
10311 5973 554 480
4880 5973 554 480
1496 5973 554 480
1476 5973 554 480
6199 5973 554 480
2407 5973 554 480
11749 5973 554 480
8930 5973 554 480
6450 5973 554 480
14345 5973 554 480
12492 5973 554 480
14277 5973 554 480
8186 5973 554 480
1659 5973 554 480
6708 5973 554 480
10213 5973 554 480
9579 5973 554 480
5460 5973 554 480
4272 5973 554 480
123 5973 554 480
7355 5973 554 480
14487 5973 554 480
9813 5973 554 480
4673 5973 554 480
1948 5973 554 480
10629 5973 554 480
4072 5973 1094 480
1496 5973 1094 480
5097 5973 1094 480
12980 5973 1094 480
2407 5973 1094 480
10570 5973 1094 480
8131 5973 1094 480
1948 5973 1094 480
12492 5973 1094 480
10095 5973 1094 480
8930 5973 1094 480
13079 5973 1094 480
4673 5973 1094 480
10311 5973 1094 480
9579 5973 1094 480
10629 5973 1094 480
9870 5973 1094 480
5704 5973 1094 480
9566 5973 1094 480
14277 5973 1094 480
5531 5973 1094 480
12493 5973 1094 480
14487 5973 1094 480
6450 5973 1094 480
13536 5973 1094 480
4100 5973 1094 480
11749 5973 1094 480
3776 5973 1094 480
10213 5973 1094 480
2610 5973 1094 480
6199 5973 1094 480
1659 5973 1094 480
123 5973 1094 480
1476 5973 1094 480
6708 5973 1094 480
14345 5973 1094 480
