10421 10421 142 182
3034 1881 180 163
8382 4737 189 202
10113 10113 142 182
10707 8487 95 53
5112 4103 189 202
13497 6765 138 83
4937 10809 180 163
11635 8487 95 53
8917 11109 180 163
4871 6765 64 83
14404 6765 203 214
400 6765 138 83
14321 13435 189 202
9278 6765 208 29
2349 6765 64 83
7522 10821 189 202
11298 6765 208 29
13428 6765 64 83
13394 6765 64 83
1405 6765 64 83
3009 3009 142 182
7531 5249 189 202
10806 10806 142 182
11611 11466 180 163
4249 6765 203 214
1504 1504 142 182
5863 6765 203 214
7091 4246 189 202
10113 6765 138 83
12248 6765 208 29
6062 6062 142 182
6264 6264 142 182
8463 6765 138 83
12704 1881 180 163
5017 5357 189 202
272 5021 189 202
4313 2025 95 53
5870 6765 64 83
4526 1232 203 214
12330 6765 208 29
14105 6765 203 214
2380 2380 142 182
4937 4623 180 163
2310 2836 180 163
36 36 142 182
14456 6765 138 83
6501 6765 208 29
13326 11109 180 163
7257 10792 189 202
8008 6765 208 29
10707 980 95 53
6453 3200 189 202
13324 13324 142 182
3630 3630 142 182
13083 4083 180 163
3398 11109 180 163
7595 6765 208 29
982 11466 180 163
4527 6765 203 214
2509 11466 180 163
9185 980 95 53
11550 6765 203 214
2342 6761 180 163
2976 3786 95 53
2342 2836 180 163
6761 2836 165 144
4964 4964 142 182
14139 14139 142 182
5017 600 189 202
12558 6765 203 214
7899 458 189 202
11631 5527 95 53
8234 1322 95 53
3337 6765 203 214
9756 6765 138 83
12539 6974 95 53
7552 13132 189 202
4554 10585 95 53
1918 4337 95 53
101 101 142 182
7802 7802 142 182
14129 5503 203 214
1565 6765 203 214
14456 6765 64 83
9212 9212 142 182
13978 13978 142 182
12717 12717 142 182
4961 4961 142 182
2029 6765 208 29
9754 9754 142 182
983 6765 64 83
7943 11109 180 163
10374 6765 138 83
7790 6765 138 83
6390 6765 138 83
2976 165 95 53
10683 10683 142 182
377 377 142 182
6261 6765 203 214
6453 14200 189 202
11377 1137 95 53
221 4408 189 202
12539 7026 95 53
10107 5946 95 53
93 13286 95 53
12740 7061 180 163
467 467 142 182
11377 7026 95 53
3034 6761 180 163
3034 4623 180 163
10289 13565 180 163
11631 5914 95 53
10809 7061 165 144
1754 1754 142 182
2049 2049 142 182
13324 6765 203 214
5691 6765 208 29
5843 7913 189 202
6427 6765 138 83
8372 2786 95 53
982 6761 180 163
4153 6765 203 214
8535 11466 180 163
7570 11482 95 53
1912 11109 180 163
8834 6765 208 29
4313 7026 95 53
5116 13454 189 202
3841 6765 138 83
10763 8590 180 163
11635 9332 95 53
10289 1881 180 163
3211 3211 142 182
4754 6765 203 214
4123 6765 208 29
7454 6761 180 163
2349 6765 138 83
3835 3835 142 182
4228 6765 203 214
4641 10809 165 144
7454 7061 180 163
12704 11109 180 163
12740 11466 180 163
7418 7418 142 182
983 983 142 182
3820 5854 189 202
10506 6765 208 29
10869 6765 138 83
7257 613 189 202
13209 13209 142 182
6344 6765 64 83
12945 12945 142 182
10374 6765 64 83
8372 13016 95 53
7061 10305 165 144
14011 4623 180 163
4307 6765 203 214
2912 12226 189 202
9185 5946 95 53
4313 12447 95 53
14462 4083 180 163
5014 13565 165 144
12882 6899 95 53
2822 6373 189 202
4528 3712 203 214
93 1322 95 53
286 286 142 182
5184 14218 189 202
5843 9960 189 202
5014 4641 165 144
3862 4083 180 163
7742 13388 189 202
8936 6035 189 202
4622 10732 95 53
11153 10070 95 53
1885 1885 142 182
12010 5481 189 202
7943 2836 180 163
6414 6414 142 182
5688 6765 138 83
10436 7913 189 202
10707 9885 95 53
641 1881 180 163
7229 1232 203 214
10996 6765 203 214
10192 7458 95 53
9611 1232 203 214
7282 11109 180 163
14179 10796 189 202
5332 6765 203 214
3478 3340 189 202
8299 6765 203 214
5147 6765 208 29
2509 6761 180 163
7531 3998 189 202
563 6765 64 83
5231 10070 95 53
914 6765 203 214
8234 10808 95 53
1586 1586 142 182
5017 13341 189 202
375 1006 95 53
7742 10956 189 202
670 6765 208 29
1523 1523 142 182
10267 980 95 53
7570 6899 95 53
4153 4153 142 182
1405 6765 138 83
469 6765 208 29
7212 10163 189 202
6512 6765 208 29
6059 1232 203 214
9118 6765 138 83
1499 6765 208 29
9788 6765 208 29
563 6765 138 83
8631 4337 95 53
10739 3786 95 53
6149 6149 142 182
1600 1600 142 182
13122 6765 203 214
1290 804 189 202
8385 7061 165 144
6943 6765 64 83
3330 10070 95 53
7899 347 189 202
7353 4791 189 202
7864 7864 142 182
8565 1088 189 202
8402 6765 138 83
12449 6765 208 29
13510 13510 142 182
6655 11109 180 163
8631 6899 95 53
159 159 142 182
2310 11109 180 163
8557 8557 142 182
5954 1232 203 214
7802 6765 203 214
10707 4337 95 53
7536 6765 203 214
6836 6836 142 182
641 11109 180 163
5843 12177 189 202
9189 1881 180 163
1238 1232 203 214
3295 3295 142 182
2836 4083 165 144
2634 6765 138 83
5307 6765 203 214
4518 10458 189 202
6344 6765 138 83
14523 14523 142 182
14462 4641 180 163
398 398 142 182
6492 6492 142 182
8596 1006 95 53
10707 13286 95 53
12882 5914 95 53
3385 3385 142 182
3048 6765 208 29
2410 6765 208 29
12635 6765 138 83
13403 6765 203 214
13565 2836 165 144
8535 6761 180 163
2071 6155 189 202
2976 12447 95 53
7802 6765 64 83
14462 13565 180 163
7944 12177 189 202
2373 2373 142 182
13768 6761 180 163
12925 8487 95 53
1134 7061 180 163
5787 5503 203 214
3124 6765 203 214
5307 5307 142 182
4052 7061 180 163
6840 7061 180 163
9756 9756 142 182
7943 13565 180 163
4745 6740 180 163
9185 7458 95 53
13672 13672 142 182
10809 5014 165 144
6655 10809 180 163
13592 13592 142 182
2618 6765 203 214
3330 3786 95 53
3502 6765 208 29
8634 13154 189 202
14526 6765 208 29
2976 8799 95 53
14239 4225 189 202
6430 6765 138 83
6427 6765 64 83
2836 4641 165 144
14321 8448 189 202
4055 6765 203 214
12483 12483 142 182
8234 10880 95 53
4879 3712 203 214
10763 8385 180 163
14149 4083 180 163
6453 5328 189 202
7061 11466 165 144
13083 8590 180 163
4786 6765 203 214
7955 6765 203 214
5960 6765 203 214
11305 11305 142 182
3876 6765 138 83
12010 9434 189 202
14196 14196 142 182
13671 6765 203 214
2512 6765 203 214
2818 7061 180 163
13266 6765 203 214
537 537 142 182
10763 10809 180 163
5399 5399 142 182
7899 7866 189 202
6858 12447 95 53
11838 2836 180 163
10301 4083 180 163
5902 6765 64 83
3433 11278 189 202
5848 6765 138 83
641 6761 180 163
4173 8590 180 163
10852 6765 203 214
9301 9301 142 182
2717 6765 138 83
7570 13699 95 53
612 2247 95 53
8936 1187 189 202
6840 6761 180 163
10374 10374 142 182
7212 228 189 202
9733 3712 203 214
6361 13016 95 53
6964 6964 142 182
11153 5671 95 53
2347 2836 180 163
6783 6783 142 182
10192 5946 95 53
4809 10809 180 163
6025 1248 95 53
8596 2786 95 53
10383 6765 64 83
8372 4337 95 53
11714 11714 142 182
10192 8487 95 53
1942 7061 180 163
5902 6765 138 83
12925 13470 95 53
13768 8590 180 163
8819 6765 138 83
11054 6765 203 214
3876 3876 142 182
375 2247 95 53
8596 5914 95 53
4173 4083 180 163
3398 6740 180 163
709 709 142 182
11153 6974 95 53
11109 4083 165 144
5842 6765 138 83
1758 6408 95 53
4554 6899 95 53
13029 13565 180 163
6484 5014 165 144
9465 12233 189 202
9189 11109 180 163
13497 6765 64 83
14011 8590 180 163
11631 2247 95 53
9997 10070 95 53
3180 6765 138 83
3478 585 189 202
3668 3668 142 182
7463 8385 180 163
3573 1232 203 214
2014 6765 208 29
8631 2247 95 53
4313 165 95 53
375 11482 95 53
41 6765 138 83
8598 4337 95 53
6390 6765 64 83
13807 2836 180 163
13212 13212 142 182
9961 6765 138 83
8598 2786 95 53
5747 6765 203 214
11539 11539 142 182
6980 6765 208 29
6948 6948 142 182
6637 6637 142 182
4937 2836 180 163
2071 9458 189 202
4534 4534 142 182
920 4334 189 202
13823 6765 203 214
7570 2786 95 53
269 269 142 182
3614 3614 142 182
12740 8385 180 163
13429 347 189 202
10491 6765 138 83
9756 6765 64 83
8031 10393 189 202
11377 1132 95 53
12635 6765 64 83
2996 10284 189 202
11217 11217 142 182
7463 4623 180 163
13621 2676 203 214
2822 6362 189 202
11530 6765 203 214
1892 1232 203 214
1225 2836 180 163
2296 6765 208 29
2976 1132 95 53
5612 5612 142 182
5848 5848 142 182
7552 8297 189 202
1912 13565 180 163
11028 11466 180 163
5592 6765 203 214
10061 2733 189 202
1290 13474 189 202
10192 6899 95 53
14011 13565 180 163
8596 1322 95 53
221 11979 189 202
7233 6765 64 83
13698 6765 203 214
8565 2798 189 202
7565 4623 180 163
7924 7924 142 182
7742 2004 189 202
14127 1205 189 202
8463 6765 64 83
8556 6765 203 214
9961 6765 64 83
12402 6765 208 29
4937 8590 180 163
7943 6761 180 163
7742 4703 189 202
8771 8771 142 182
8444 11776 189 202
8234 13016 95 53
10643 6765 203 214
5116 9049 189 202
11028 10809 180 163
14179 13364 189 202
8402 6765 64 83
13592 6765 64 83
3398 8385 180 163
8631 10540 95 53
1108 1108 142 182
12642 6765 203 214
13304 6765 64 83
7955 7955 142 182
8917 11466 180 163
7282 2836 180 163
6858 165 95 53
4892 4892 142 182
13607 13607 142 182
3579 6765 203 214
4302 10809 180 163
3587 7061 180 163
9118 6765 64 83
14239 403 189 202
9163 6765 64 83
13083 6761 180 163
1758 12447 95 53
12418 4334 189 202
13326 11466 180 163
398 6765 203 214
1478 1232 203 214
7802 6765 138 83
11594 4190 189 202
7064 7064 142 182
11109 6740 165 144
3987 3987 142 182
1918 4926 95 53
9429 9429 142 182
12010 7767 189 202
6858 1137 95 53
10707 10585 95 53
9124 7971 189 202
9212 6765 203 214
7454 1881 180 163
1621 1621 142 182
12882 5527 95 53
10885 10885 142 182
8460 8460 142 182
9501 6765 208 29
1111 6765 208 29
8234 980 95 53
9625 9625 142 182
9189 13565 180 163
12131 3712 203 214
2717 6765 64 83
14523 6765 203 214
8234 10582 95 53
983 6765 138 83
6453 4246 189 202
13358 6765 203 214
14325 6765 208 29
7570 5946 95 53
11631 8487 95 53
3685 13551 95 53
10122 10122 142 182
400 6765 64 83
5688 6765 64 83
7457 6765 203 214
10501 5304 189 202
8917 10809 180 163
2822 10792 189 202
8535 8385 180 163
5843 8341 189 202
6978 6978 142 182
4745 11109 180 163
2343 6765 203 214
10809 11109 165 144
3433 14470 189 202
982 10809 180 163
10289 11109 180 163
12344 313 189 202
1290 12962 189 202
3876 6765 64 83
3180 6765 64 83
5116 6035 189 202
8402 8402 142 182
8117 8385 180 163
10869 6765 64 83
7091 2444 189 202
12539 12447 95 53
7790 7790 142 182
7463 11466 180 163
5848 6765 64 83
6724 6724 142 182
10739 2025 95 53
7290 7290 142 182
3862 8590 180 163
286 3712 203 214
12548 12548 142 182
765 765 142 182
93 13016 95 53
13525 13525 142 182
2509 10809 180 163
1225 11109 180 163
13733 13733 142 182
14462 11466 180 163
8249 6765 208 29
3951 6765 203 214
6025 6899 95 53
10046 6765 208 29
7078 1232 203 214
13091 2836 180 163
11466 2836 165 144
3908 6765 203 214
10383 6765 138 83
2634 6765 64 83
7375 7375 142 182
9185 5914 95 53
13634 6765 203 214
10061 14200 189 202
8117 10809 180 163
12882 7458 95 53
12766 3712 203 214
10192 3882 95 53
