12917 12433 225 128
2567 8188 54 128
5010 1221 225 128
14480 8188 54 128
11720 4397 225 128
10421 10421 142 182
1666 1221 54 128
6375 4397 54 128
5762 12433 54 128
9011 12433 54 128
6099 12433 225 128
1957 4397 54 128
9099 4397 54 128
7379 8188 225 128
10574 4397 54 128
1217 8188 225 128
10274 12433 225 128
3442 4397 225 128
8280 4397 54 128
6795 8188 225 128
4239 1221 54 128
12138 8188 54 128
9986 8188 225 128
10927 12433 225 128
6997 1221 225 128
6997 4397 54 128
9634 12433 54 128
12088 12433 225 128
10956 1221 225 128
6723 1221 54 128
10113 10113 142 182
5580 8188 225 128
5425 12433 54 128
9256 1221 225 128
6124 1221 54 128
2567 12433 225 128
7532 8188 225 128
4888 1221 54 128
2470 4397 54 128
9083 4397 54 128
9358 12433 54 128
13396 12433 54 128
11831 8188 54 128
11431 8188 225 128
8297 4397 54 128
4967 4397 225 128
14033 4397 54 128
1910 1221 225 128
3173 8188 54 128
277 12433 54 128
4091 4397 225 128
12255 12433 54 128
2654 4397 54 128
2030 1221 225 128
8476 8188 225 128
9140 4397 54 128
12365 4397 54 128
7773 1221 225 128
13130 4397 225 128
2224 12433 225 128
10956 8188 225 128
2209 4397 225 128
1494 1221 54 128
7556 8188 54 128
1546 8188 54 128
576 1221 54 128
11434 12433 54 128
13776 8188 54 128
2030 4397 225 128
7672 1221 225 128
8149 4397 54 128
1052 8188 54 128
2248 1221 225 128
10429 1221 225 128
9402 1221 225 128
4026 8188 225 128
5465 4397 225 128
6545 12433 54 128
7263 12433 54 128
4524 12433 225 128
1169 4397 54 128
13239 12433 225 128
627 8188 54 128
4408 4397 225 128
3625 4397 225 128
14200 8188 54 128
2090 12433 54 128
10999 1221 54 128
5304 12433 225 128
1421 8188 54 128
3443 1221 225 128
10778 4397 54 128
1153 12433 225 128
9704 1221 54 128
10727 4397 54 128
3095 12433 54 128
6397 8188 225 128
9015 8188 54 128
5458 12433 225 128
5215 12433 225 128
3998 1221 225 128
11355 8188 225 128
1052 12433 225 128
12708 1221 54 128
2252 8188 225 128
1130 1221 54 128
7627 8188 54 128
4721 8188 225 128
4222 8188 54 128
8600 12433 225 128
5340 1221 54 128
1910 1221 54 128
7291 8188 54 128
9867 12433 54 128
2224 4397 54 128
114 4397 225 128
8046 8188 225 128
9849 8188 225 128
8224 12433 54 128
5854 8188 54 128
12136 1221 225 128
2004 1221 54 128
1015 4397 54 128
8280 12433 225 128
9960 1221 54 128
7370 4397 225 128
9294 4397 225 128
13613 1221 54 128
14224 1221 225 128
12485 12433 54 128
157 1221 54 128
4002 12433 54 128
7335 12433 54 128
5685 8188 54 128
12239 8188 54 128
9846 4397 225 128
12225 8188 225 128
6398 8188 225 128
4712 8188 225 128
11596 4397 225 128
6545 4397 225 128
14218 12433 225 128
2884 1221 225 128
6701 1221 225 128
5409 12433 225 128
12747 1221 54 128
10951 12433 54 128
8149 8188 54 128
414 8188 225 128
5070 12433 225 128
5228 8188 225 128
11831 12433 54 128
13435 12433 54 128
14124 12433 54 128
5919 4397 54 128
8156 1221 225 128
3009 3009 142 182
9846 12433 225 128
5736 1221 54 128
2594 8188 54 128
5048 12433 54 128
7808 8188 225 128
3890 1221 54 128
2688 8188 225 128
5580 1221 225 128
8950 8188 225 128
2359 1221 225 128
10806 10806 142 182
12118 12433 225 128
7285 8188 54 128
14032 1221 225 128
9100 8188 225 128
4114 12433 54 128
1546 12433 225 128
13129 4397 225 128
228 12433 225 128
8692 1221 54 128
6058 8188 54 128
10913 1221 54 128
13675 12433 54 128
157 12433 54 128
4475 12433 54 128
868 8188 54 128
6244 12433 54 128
9279 8188 54 128
7038 1221 225 128
4040 4397 225 128
4541 12433 225 128
14278 4397 225 128
4167 1221 54 128
2004 8188 225 128
6276 8188 54 128
2591 4397 225 128
2898 8188 225 128
6567 4397 225 128
6009 8188 54 128
13955 12433 225 128
3311 4397 225 128
829 12433 225 128
5411 4397 54 128
10163 4397 225 128
458 8188 54 128
8627 8188 54 128
5878 1221 225 128
8138 1221 54 128
1994 12433 54 128
1040 1221 54 128
12640 4397 225 128
1504 1504 142 182
13576 4397 225 128
10913 4397 225 128
5162 4397 225 128
7532 1221 54 128
157 4397 225 128
13951 1221 54 128
3005 12433 225 128
1959 12433 225 128
9576 8188 54 128
2289 8188 54 128
3921 1221 225 128
7118 8188 225 128
12917 1221 225 128
6362 8188 54 128
9011 12433 225 128
1408 1221 225 128
4026 4397 225 128
8833 12433 225 128
7424 8188 54 128
4543 8188 54 128
7913 8188 54 128
10704 12433 54 128
13341 12433 54 128
10196 4397 225 128
5762 4397 54 128
6385 8188 225 128
7548 8188 54 128
168 4397 54 128
585 12433 225 128
3442 8188 54 128
5473 4397 225 128
1048 8188 225 128
13364 1221 54 128
13154 12433 225 128
13011 12433 225 128
1357 1221 225 128
403 8188 225 128
8692 4397 225 128
7118 12433 225 128
10999 4397 225 128
357 4397 225 128
6251 1221 225 128
14224 8188 225 128
4555 4397 225 128
5021 12433 54 128
4656 8188 54 128
9755 8188 54 128
7646 1221 54 128
4182 8188 225 128
6062 6062 142 182
7285 1221 225 128
10601 8188 225 128
6264 6264 142 182
4541 4397 225 128
7971 4397 54 128
12026 12433 54 128
228 4397 225 128
9319 12433 54 128
13239 4397 225 128
10327 4397 225 128
13474 1221 54 128
13951 8188 54 128
4334 12433 54 128
2333 4397 225 128
13067 12433 54 128
6288 8188 225 128
10438 12433 225 128
347 12433 54 128
5796 12433 225 128
13011 4397 54 128
294 8188 54 128
11434 8188 54 128
8440 4397 225 128
13364 12433 54 128
4978 8188 54 128
6121 8188 225 128
4182 12433 225 128
713 8188 54 128
6143 1221 225 128
3200 1221 54 128
11883 4397 54 128
5498 4397 225 128
2380 2380 142 182
2591 8188 225 128
8392 1221 54 128
12210 4397 225 128
1619 1221 54 128
5057 4397 225 128
10727 12433 54 128
6035 4397 225 128
10654 1221 225 128
10438 8188 54 128
8240 12433 54 128
8514 1221 54 128
1648 12433 225 128
12380 4397 54 128
1268 1221 225 128
5560 8188 225 128
6795 4397 54 128
36 36 142 182
3340 4397 54 128
4239 4397 225 128
10004 8188 54 128
13955 1221 54 128
13226 12433 54 128
4604 1221 54 128
12213 8188 54 128
6397 12433 225 128
10713 12433 225 128
1079 12433 54 128
2997 4397 54 128
4872 4397 54 128
9918 1221 225 128
285 4397 225 128
157 8188 225 128
10727 1221 225 128
4164 4397 225 128
8709 8188 54 128
7438 12433 225 128
8209 4397 225 128
829 4397 225 128
5481 8188 225 128
1560 8188 225 128
3493 12433 225 128
12026 1221 54 128
4845 4397 225 128
6545 4397 54 128
1895 8188 225 128
4246 4397 54 128
9651 12433 54 128
6385 12433 225 128
9755 4397 225 128
6398 1221 54 128
5774 4397 225 128
12640 12433 54 128
1130 4397 54 128
10914 4397 225 128
9576 12433 54 128
586 4397 225 128
1408 1221 54 128
2819 8188 54 128
10927 8188 54 128
3370 4397 54 128
5750 4397 225 128
5034 8188 225 128
12574 1221 54 128
12097 8188 54 128
10029 8188 225 128
9918 4397 54 128
6397 4397 54 128
9614 4397 225 128
10168 12433 54 128
9628 4397 54 128
13341 8188 54 128
13927 4397 54 128
10274 4397 225 128
737 4397 54 128
14259 8188 225 128
7538 12433 225 128
9986 8188 54 128
14344 4397 54 128
8734 1221 54 128
6572 12433 54 128
2898 8188 54 128
13267 1221 225 128
8448 12433 225 128
414 1221 54 128
2688 12433 54 128
13324 13324 142 182
4091 1221 54 128
3630 3630 142 182
2601 12433 225 128
7240 12433 225 128
10615 4397 225 128
79 8188 225 128
12138 8188 225 128
12665 8188 54 128
5814 1221 225 128
12475 12433 54 128
4114 8188 54 128
9140 1221 54 128
2629 12433 225 128
2718 1221 54 128
347 12433 225 128
6143 8188 54 128
10713 8188 54 128
7100 1221 54 128
7538 4397 225 128
2654 1221 54 128
9704 4397 225 128
12815 4397 225 128
12046 8188 54 128
14224 8188 54 128
7696 8188 225 128
11312 8188 54 128
6572 8188 225 128
13888 1221 54 128
8950 4397 225 128
14481 8188 225 128
3497 1221 54 128
10613 12433 225 128
14242 4397 225 128
7548 8188 225 128
7627 12433 225 128
9576 1221 54 128
265 4397 225 128
14299 4397 225 128
9637 4397 54 128
7538 12433 54 128
1169 4397 225 128
8111 12433 54 128
13239 12433 54 128
2484 1221 54 128
13454 4397 54 128
13011 4397 225 128
7994 8188 54 128
2252 1221 54 128
7768 8188 54 128
613 12433 54 128
9254 12433 225 128
8627 8188 225 128
2214 4397 225 128
13190 1221 54 128
10166 4397 225 128
285 8188 54 128
7010 4397 225 128
7753 1221 225 128
9324 1221 225 128
10166 12433 54 128
1747 4397 54 128
5070 12433 54 128
3764 4397 225 128
3311 8188 54 128
7588 4397 225 128
11125 8188 54 128
3765 1221 54 128
5304 1221 225 128
12797 12433 54 128
2633 8188 225 128
5489 12433 54 128
8627 4397 225 128
8696 8188 54 128
1738 8188 225 128
1421 1221 54 128
8440 12433 225 128
10004 4397 54 128
7495 8188 225 128
8 12433 54 128
11776 12433 225 128
5070 1221 54 128
9867 8188 54 128
2248 4397 54 128
12252 8188 225 128
6462 8188 225 128
1666 4397 225 128
3625 11194 225 128
4373 4397 225 128
9525 12433 225 128
4647 8188 225 128
10617 12433 225 128
14511 8188 225 128
4246 1221 54 128
3005 1221 225 128
7808 4397 225 128
7548 4397 225 128
13435 4397 225 128
9100 12433 54 128
4059 8188 225 128
5427 12433 225 128
6143 4397 54 128
9999 1221 54 128
7139 1221 225 128
8709 8188 225 128
5343 8188 54 128
13405 8188 54 128
4496 8188 225 128
10257 12433 54 128
1994 4397 225 128
3200 4397 225 128
5078 12433 225 128
3686 1221 225 128
8833 4397 54 128
586 8188 225 128
14511 8188 54 128
6887 4397 54 128
9256 12433 225 128
8815 4397 225 128
6992 4397 54 128
5762 8188 225 128
6761 2836 165 144
10713 4397 54 128
11750 8188 54 128
5774 4397 54 128
10722 4397 54 128
11362 4397 54 128
156 12433 225 128
7424 1221 54 128
12962 8188 54 128
4964 4964 142 182
3890 4397 225 128
3686 4397 54 128
4026 8188 54 128
6073 8188 225 128
2819 8188 225 128
2594 12433 54 128
14139 14139 142 182
7140 4397 225 128
4845 8188 225 128
829 1221 54 128
5162 4397 54 128
11291 8188 225 128
14032 12433 54 128
7808 12433 225 128
1421 1221 225 128
9015 1221 225 128
4555 4397 54 128
12111 4397 54 128
4514 1221 225 128
802 4397 225 128
6128 8188 54 128
7033 8188 225 128
446 1221 225 128
8709 4397 225 128
7945 12433 54 128
236 1221 225 128
4596 4397 54 128
13776 4397 225 128
10379 4397 225 128
1762 1221 225 128
7706 4397 54 128
11812 4397 54 128
10617 4397 54 128
13267 8188 54 128
4040 8188 225 128
14168 1221 225 128
13364 4397 225 128
5685 4397 54 128
14278 1221 225 128
13388 8188 54 128
1153 8188 54 128
423 4397 225 128
2214 12433 225 128
13285 8188 225 128
9434 12433 54 128
7756 12433 225 128
6953 12433 54 128
10029 1221 225 128
2601 8188 225 128
663 8188 54 128
10522 12433 54 128
11883 1221 54 128
10653 12433 54 128
10196 4397 54 128
3483 4397 54 128
960 8188 54 128
4789 1221 225 128
4845 12433 225 128
11596 1221 225 128
5814 1221 54 128
168 8188 54 128
3477 12433 225 128
7291 8188 225 128
13014 12433 225 128
5762 4397 225 128
13176 8188 225 128
7694 12433 54 128
10522 8188 225 128
4239 12433 54 128
1397 1221 225 128
4872 8188 225 128
7162 1221 54 128
1088 4397 54 128
10029 8188 54 128
7913 4397 54 128
6276 4397 225 128
9474 4397 54 128
5010 1221 54 128
13132 4397 54 128
6992 1221 54 128
10045 4397 54 128
3361 1221 54 128
11049 8188 225 128
7405 8188 225 128
1421 12433 225 128
5519 12433 225 128
1762 4397 54 128
4996 12433 54 128
10168 4397 225 128
3022 4397 54 128
3074 4397 54 128
12856 4397 54 128
663 12433 54 128
7033 12433 54 128
7627 4397 54 128
713 8188 225 128
9918 8188 225 128
8795 12433 225 128
3200 4397 54 128
6073 8188 54 128
7538 1221 54 128
12468 8188 225 128
586 12433 225 128
12475 12433 225 128
101 101 142 182
11526 4397 225 128
8064 1221 54 128
6244 1221 225 128
12237 4397 54 128
13190 12433 225 128
7802 7802 142 182
10608 8188 54 128
6617 12433 54 128
10821 1221 54 128
2803 1221 225 128
2405 4397 54 128
6128 12433 54 128
10004 12433 225 128
11049 1221 54 128
9918 8188 54 128
7033 1221 54 128
12758 4397 54 128
3799 8188 225 128
3748 8188 54 128
13154 8188 225 128
2271 4397 225 128
12365 8188 225 128
5736 12433 54 128
2359 1221 54 128
1494 1221 225 128
5489 8188 225 128
7803 8188 225 128
13293 1221 54 128
277 4397 225 128
12380 8188 225 128
14470 1221 225 128
13293 4397 54 128
10467 4397 54 128
6412 4397 54 128
8692 12433 225 128
5038 8188 54 128
10458 12433 225 128
5304 4397 225 128
13684 12433 54 128
9359 1221 225 128
3483 1221 225 128
9458 12433 225 128
713 4397 54 128
2591 8188 54 128
8681 1221 225 128
4656 12433 54 128
12297 8188 54 128
7542 8188 54 128
4791 8188 54 128
11278 1221 54 128
1357 1221 54 128
8795 4397 225 128
3256 1221 225 128
4059 1221 54 128
5465 12433 54 128
12177 12433 225 128
9590 4397 225 128
3746 12433 54 128
6362 12433 225 128
3707 1221 54 128
13979 8797 54 128
7495 4397 54 128
1994 4397 54 128
13396 1221 225 128
14427 1221 225 128
11125 1221 54 128
12118 1221 225 128
10471 8797 225 128
412 12433 225 128
12708 12433 225 128
1092 8188 225 128
8221 4397 225 128
294 1221 225 128
9099 8188 225 128
3766 4397 54 128
2251 4397 54 128
6723 8188 54 128
1408 4397 225 128
7038 12433 54 128
5774 12433 225 128
12485 8188 54 128
11116 4397 225 128
11291 4397 225 128
13485 1221 54 128
7773 8188 225 128
13714 8797 225 128
9254 4397 225 128
3074 1221 54 128
9140 4397 225 128
4515 12433 225 128
12237 12433 54 128
2271 12433 225 128
7694 4397 225 128
9212 9212 142 182
9552 12433 225 128
1397 12433 225 128
1846 4397 54 128
11098 1221 225 128
2733 8188 225 128
357 4397 54 128
13978 13978 142 182
11883 4397 225 128
9099 12433 225 128
2898 1221 54 128
2658 8188 54 128
4094 1221 54 128
12717 12717 142 182
3483 4397 225 128
3455 4397 225 128
9771 12433 54 128
5343 12433 225 128
8224 1221 54 128
694 4397 225 128
2577 4397 225 128
13132 1221 54 128
3770 8188 225 128
4961 4961 142 182
804 1221 225 128
12856 4397 225 128
7557 8188 225 128
14299 1221 225 128
12002 1221 54 128
7753 1221 54 128
1846 4397 225 128
1217 4397 225 128
12410 4397 54 128
9525 8188 225 128
1444 12433 225 128
9359 12433 54 128
11106 1221 54 128
6992 1221 225 128
5142 1221 54 128
9434 4397 225 128
4889 8188 225 128
13173 1221 225 128
9754 9754 142 182
5129 1221 225 128
12118 4397 54 128
663 4397 54 128
1564 1221 54 128
2319 8188 54 128
5343 8188 225 128
1910 12433 54 128
3781 12433 225 128
4167 12433 225 128
802 12433 225 128
8728 8188 225 128
1444 8188 54 128
11368 4397 225 128
8297 8188 225 128
4164 8188 225 128
6617 4397 225 128
11355 1221 54 128
6848 12433 54 128
10379 12433 225 128
4555 12433 225 128
9113 12433 54 128
10381 8188 54 128
1681 1221 225 128
10601 4397 225 128
10683 10683 142 182
3497 4397 54 128
4094 4397 54 128
3041 8188 54 128
4791 12433 225 128
613 4397 225 128
12409 12433 225 128
5498 12433 225 128
12210 12433 54 128
377 377 142 182
10261 8188 54 128
10601 4397 54 128
12294 12433 54 128
10004 8188 225 128
4872 1221 54 128
8875 12433 54 128
9634 4397 54 128
1801 12433 54 128
10770 4397 225 128
12014 8188 54 128
12177 4397 225 128
9324 8188 225 128
1494 12433 54 128
10233 12433 54 128
10914 8188 54 128
10617 4397 225 128
3890 1221 225 128
13930 4397 54 128
1760 12433 225 128
844 8188 54 128
4408 1221 225 128
6099 4397 54 128
12720 4397 225 128
2209 12433 225 128
2333 8188 54 128
359 12433 54 128
9755 1221 54 128
12002 4397 225 128
11596 1221 54 128
5377 12433 225 128
10608 1221 225 128
236 8188 54 128
9862 1221 54 128
627 12433 225 128
10796 8188 54 128
9279 12433 225 128
3005 8188 225 128
3799 1221 225 128
2612 4397 225 128
2248 12433 54 128
458 1221 225 128
3340 8188 225 128
2803 1221 54 128
8477 1221 54 128
6026 1221 225 128
837 1221 225 128
1957 12433 225 128
4561 8188 54 128
6251 4397 54 128
3538 12433 54 128
7696 1221 225 128
11312 8188 225 128
10792 1221 225 128
1564 1221 225 128
5400 12433 54 128
11278 12433 54 128
9526 4397 225 128
2962 1221 54 128
6058 4397 54 128
5481 12433 54 128
412 4397 54 128
12136 8188 54 128
13190 4397 54 128
11831 1221 225 128
4712 12433 225 128
5690 4397 225 128
8477 4397 225 128
8221 12433 54 128
3911 1221 225 128
12507 8188 54 128
10589 8188 54 128
10163 4397 54 128
4309 8188 54 128
5048 1221 54 128
7546 12433 54 128
1334 8188 225 128
7162 12433 54 128
694 4397 54 128
4485 1221 54 128
2333 4397 54 128
627 4397 225 128
8709 12433 54 128
8815 12433 54 128
1648 8188 54 128
2113 4397 225 128
8964 12433 225 128
7098 8188 54 128
5535 12433 54 128
2880 12433 225 128
2658 4397 54 128
12255 12433 225 128
2271 12433 54 128
1205 12433 225 128
5400 1221 54 128
2796 1221 225 128
2819 4397 225 128
3781 4397 54 128
9849 12433 54 128
1619 12433 54 128
3497 12433 225 128
7866 4397 54 128
3493 12433 54 128
10438 1221 54 128
13173 1221 54 128
9630 8188 54 128
412 1221 225 128
236 12433 225 128
7866 12433 54 128
5357 8188 54 128
3686 1221 54 128
6177 4397 54 128
8728 4397 54 128
13441 4397 54 128
7335 4397 54 128
6412 8188 225 128
1015 12433 54 128
11125 1221 225 128
10327 12433 54 128
6236 8188 54 128
458 1221 54 128
8280 12433 54 128
11606 8188 54 128
2594 8188 225 128
4190 12433 225 128
14344 1221 54 128
12252 1221 54 128
10778 12433 225 128
3575 12433 225 128
7263 4397 225 128
12252 4397 225 128
2972 12433 54 128
1546 4397 54 128
7773 4397 54 128
467 467 142 182
6602 8188 54 128
8111 4397 225 128
9710 8188 225 128
1494 8188 225 128
13014 12433 54 128
7538 1221 225 128
13926 4397 54 128
5328 12433 54 128
6602 8188 225 128
4503 12433 54 128
1053 1221 225 128
9319 8188 225 128
4721 12433 225 128
458 8188 225 128
9986 12433 225 128
5690 1221 225 128
10379 8188 225 128
2090 12433 225 128
6236 12433 225 128
8582 1221 54 128
7627 12433 54 128
7557 12433 225 128
713 12433 54 128
6795 1221 225 128
1384 4397 54 128
12640 8188 54 128
11526 8188 225 128
8696 12433 225 128
4792 12433 225 128
1564 4397 225 128
13513 8188 54 128
1192 1221 225 128
6177 8188 225 128
8492 12433 225 128
8221 8188 225 128
5347 12433 54 128
2688 4397 225 128
9085 12433 54 128
4524 12433 54 128
6545 1221 54 128
13454 12433 225 128
5736 8188 225 128
1397 1221 54 128
10809 7061 165 144
10385 4397 225 128
7534 12433 54 128
8111 4397 54 128
5736 1221 225 128
2970 12433 225 128
265 12433 54 128
9658 1221 54 128
5854 4397 225 128
6026 4397 54 128
3443 1221 54 128
11911 8188 225 128
3623 12433 54 128
5458 1221 54 128
6251 4397 225 128
704 8188 54 128
1754 1754 142 182
13130 8188 225 128
9377 12433 54 128
4596 1221 225 128
9256 8188 225 128
7413 8188 54 128
9552 8188 54 128
12468 1221 54 128
7033 4397 54 128
6121 12433 225 128
1994 12433 225 128
4475 8188 225 128
8149 8188 225 128
12241 8188 225 128
2049 2049 142 182
2508 1221 54 128
7413 1221 54 128
8064 12433 225 128
7971 1221 54 128
2880 4397 225 128
663 12433 225 128
8681 4397 225 128
8950 8188 54 128
9492 4397 225 128
3186 12433 54 128
277 1221 225 128
1169 1221 225 128
9492 8188 225 128
737 8188 225 128
2654 12433 54 128
6275 4397 54 128
6319 4397 225 128
8341 4397 54 128
10956 4397 225 128
9474 8188 54 128
12226 8188 54 128
4182 4397 54 128
3745 1221 225 128
3707 4397 54 128
3623 8188 225 128
7546 1221 54 128
8912 4397 225 128
3766 1221 54 128
7672 4397 54 128
10821 12433 225 128
11414 12433 225 128
11291 12433 225 128
4977 8188 54 128
8209 1221 225 128
1107 1221 54 128
627 1221 225 128
8833 1221 225 128
9049 8188 225 128
1231 4397 54 128
4144 1221 54 128
5031 4397 225 128
12815 12433 54 128
14124 4397 225 128
2880 1221 225 128
10796 8188 225 128
8064 8188 225 128
12097 4397 54 128
11979 1221 54 128
11720 4397 54 128
11975 4397 54 128
1334 12433 54 128
7283 8188 54 128
7263 8188 54 128
2271 1221 225 128
12409 4397 225 128
13388 4397 54 128
2056 12433 225 128
9254 4397 54 128
3961 1221 225 128
12853 4397 225 128
2601 4397 225 128
5427 12433 54 128
9634 12433 225 128
1936 8188 225 128
13931 12433 225 128
10393 1221 54 128
1681 12433 54 128
12046 8188 225 128
8582 1221 225 128
12014 12433 225 128
10522 12433 225 128
12014 4397 225 128
737 12433 225 128
4797 12433 225 128
3365 8188 54 128
6397 4397 225 128
5153 12433 54 128
12475 8188 54 128
11106 12433 225 128
9254 8188 54 128
8367 4397 225 128
6276 4397 54 128
2567 8188 225 128
11883 12433 54 128
4656 1221 225 128
2796 8188 54 128
6572 12433 225 128
906 1221 225 128
14270 1221 54 128
8107 12433 225 128
313 8188 225 128
7356 8188 54 128
14263 12433 225 128
3764 8188 54 128
10327 8188 225 128
9049 12433 225 128
412 1221 54 128
6997 8188 225 128
8231 4397 225 128
8950 12433 54 128
7438 4397 225 128
7767 8188 54 128
7971 12433 225 128
6545 8188 54 128
13176 4397 225 128
7913 4397 225 128
7370 12433 54 128
5291 8188 54 128
902 12433 54 128
8064 8188 54 128
8735 4397 54 128
10654 8188 225 128
10914 12433 225 128
5580 8188 54 128
3748 12433 225 128
4604 4397 54 128
6669 8188 225 128
1052 1221 54 128
12210 8188 225 128
1217 4397 54 128
9294 1221 225 128
10770 1221 225 128
12276 12433 54 128
7753 12433 54 128
7405 12433 225 128
3256 4397 225 128
8627 12433 54 128
4515 12433 54 128
1681 12433 225 128
13226 8188 54 128
1564 12433 225 128
9279 8188 225 128
4040 4397 54 128
1560 1221 225 128
7646 8188 54 128
1205 1221 54 128
2898 12433 225 128
10829 1221 54 128
13888 4397 54 128
5031 1221 225 128
14259 1221 225 128
3311 8188 225 128
13491 1221 225 128
3795 8188 225 128
12665 12433 54 128
6124 4397 54 128
13435 12433 225 128
4647 1221 54 128
11596 8188 54 128
13474 8188 54 128
5057 8188 54 128
12574 12433 225 128
10722 1221 225 128
11776 4397 225 128
7370 8188 225 128
4475 4397 225 128
4225 8188 225 128
2795 12433 225 128
12276 4397 54 128
12046 4397 225 128
7768 8188 225 128
10770 12433 54 128
10242 8188 54 128
4789 12433 54 128
1268 8188 225 128
6073 12433 54 128
2484 12433 54 128
10438 12433 54 128
10704 1221 225 128
4485 1221 225 128
9730 4397 225 128
157 12433 225 128
10029 4397 54 128
8448 8188 54 128
10653 4397 54 128
10713 8188 225 128
960 12433 54 128
3211 3211 142 182
3575 1221 225 128
1092 4397 225 128
5616 12433 225 128
4320 4397 225 128
7696 1221 54 128
7756 4397 225 128
8921 12433 54 128
4091 1221 225 128
4791 1221 54 128
6373 12433 225 128
613 4397 54 128
1681 1221 54 128
12797 12433 225 128
5228 12433 225 128
12118 8188 54 128
11883 12433 225 128
5717 8188 225 128
4604 4397 225 128
11972 4397 225 128
3835 3835 142 182
10168 1221 54 128
7717 4397 225 128
6723 4397 54 128
7379 4397 54 128
11750 4397 54 128
829 12433 54 128
3794 1221 54 128
7694 1221 54 128
13129 12433 225 128
3794 1221 225 128
8392 4397 54 128
10327 1221 225 128
4980 4397 225 128
4977 12433 225 128
5580 1221 54 128
10004 4397 225 128
694 12433 54 128
5498 8188 225 128
4641 10809 165 144
1994 8188 54 128
4514 8188 225 128
11750 8188 225 128
9260 1221 54 128
10574 8188 54 128
265 12433 225 128
2004 12433 54 128
4496 1221 54 128
9867 12433 225 128
1619 4397 54 128
5038 1221 54 128
3173 4397 225 128
5409 1221 54 128
4703 8188 225 128
10196 8188 54 128
9312 4397 54 128
7971 8188 54 128
4334 4397 54 128
13405 8188 225 128
1619 12433 225 128
4103 8188 225 128
5070 8188 54 128
2798 8188 225 128
10756 4397 54 128
9526 1221 225 128
8945 12433 54 128
7029 4397 54 128
7413 12433 54 128
5473 1221 54 128
12226 1221 225 128
896 8188 54 128
3074 12433 54 128
10956 4397 54 128
6035 8188 54 128
3921 12433 54 128
12255 4397 225 128
19 12433 54 128
9628 8188 225 128
9658 4397 54 128
12665 4397 54 128
11720 8188 54 128
8735 8188 225 128
6319 8188 54 128
2179 4397 225 128
10654 4397 225 128
9478 8188 225 128
6373 1221 225 128
10796 1221 225 128
829 8188 54 128
9526 12433 54 128
3361 1221 225 128
6723 1221 225 128
9846 1221 54 128
7418 7418 142 182
12252 12433 225 128
8392 12433 54 128
8392 8188 225 128
3961 4397 225 128
983 983 142 182
13613 8188 225 128
12507 8188 225 128
868 12433 54 128
7139 4397 225 128
3186 8188 225 128
14168 4397 225 128
10613 1221 54 128
14168 8188 225 128
11849 8188 225 128
12758 8188 225 128
8709 1221 225 128
12026 8188 225 128
313 4397 54 128
8582 8188 225 128
4797 12433 54 128
5249 4397 225 128
2056 1221 54 128
2252 4397 225 128
12014 8188 225 128
3344 1221 225 128
12797 4397 225 128
12485 12433 225 128
3781 8188 225 128
11201 8188 225 128
13927 1221 54 128
12336 8188 225 128
9015 12433 54 128
14299 12433 225 128
6950 12433 225 128
13130 12433 54 128
8297 1221 54 128
1762 8188 225 128
4219 8188 54 128
11335 8188 54 128
4167 1221 225 128
6147 12433 54 128
285 1221 54 128
9324 8188 54 128
10906 1221 225 128
2796 1221 54 128
8582 4397 225 128
6073 12433 225 128
9634 8188 225 128
7335 1221 54 128
12177 8188 54 128
5736 4397 225 128
13209 13209 142 182
6950 1221 225 128
11979 8188 54 128
12026 12433 225 128
9152 12433 225 128
12708 4397 54 128
2252 12433 54 128
13267 12433 54 128
12945 12945 142 182
13675 1221 225 128
1747 12433 225 128
10284 8188 54 128
9100 4397 54 128
12210 12433 225 128
1936 8188 54 128
13014 1221 54 128
8341 4397 225 128
7240 8188 54 128
2444 12433 54 128
3765 4397 54 128
6753 8188 225 128
10608 4397 225 128
1192 4397 225 128
1760 8188 54 128
8815 12433 225 128
10385 1221 54 128
7061 10305 165 144
5078 4397 54 128
11526 1221 54 128
9590 4397 54 128
7356 4397 225 128
13979 8797 225 128
11812 12433 54 128
8755 1221 225 128
12443 8188 225 128
2528 8188 54 128
4889 12433 54 128
11291 12433 54 128
8795 1221 225 128
7162 8188 225 128
1192 1221 54 128
10713 4397 225 128
3425 12433 225 128
5078 12433 54 128
5854 4397 54 128
5021 4397 225 128
5411 12433 225 128
4079 12433 225 128
4309 1221 225 128
13239 1221 54 128
3443 4397 225 128
7285 4397 225 128
2113 12433 54 128
6275 8188 54 128
1169 8188 54 128
12294 12433 225 128
9492 8188 54 128
6124 12433 54 128
14337 4397 225 128
1205 12433 54 128
9152 8188 54 128
12233 8188 54 128
12662 8188 225 128
9474 1221 54 128
4040 8188 54 128
11972 8188 225 128
2405 4397 225 128
12014 12433 54 128
5129 4397 54 128
11526 12433 225 128
8734 12433 225 128
10379 12433 54 128
294 4397 54 128
11362 12433 225 128
9029 8188 54 128
772 1221 225 128
13173 4397 54 128
1738 12433 225 128
403 12433 54 128
3005 4397 225 128
4254 8188 54 128
14278 12433 54 128
6545 8188 225 128
9999 8188 225 128
10653 1221 225 128
2796 12433 225 128
10196 12433 54 128
1666 4397 54 128
7162 1221 225 128
3575 8188 225 128
1048 12433 225 128
6567 12433 225 128
10233 12433 225 128
9502 4397 225 128
3493 4397 54 128
5048 8188 54 128
2405 12433 225 128
7140 8188 54 128
10284 1221 225 128
8156 4397 54 128
12136 1221 54 128
1846 12433 54 128
5529 1221 225 128
7542 8188 225 128
10196 1221 54 128
4167 8188 54 128
7646 12433 225 128
4503 4397 54 128
5489 1221 54 128
9359 4397 54 128
6177 8188 54 128
6026 1221 54 128
10197 1221 54 128
6099 12433 54 128
9083 12433 225 128
5014 13565 165 144
8514 12433 225 128
10771 4397 54 128
3911 4397 54 128
6572 8188 54 128
6226 4397 225 128
3795 12433 225 128
3041 8188 225 128
13154 8188 54 128
8950 12433 225 128
8107 1221 54 128
11431 1221 225 128
6035 12433 54 128
6669 12433 225 128
5580 4397 225 128
5465 1221 54 128
10770 8188 225 128
5031 12433 225 128
4721 4397 54 128
13341 12433 225 128
3443 4397 54 128
9099 12433 54 128
8492 4397 54 128
9256 8188 54 128
423 8188 54 128
12294 1221 225 128
5031 8188 225 128
5340 8188 225 128
357 1221 225 128
13927 8188 225 128
6147 12433 225 128
2884 4397 54 128
10821 4397 225 128
13790 8188 225 128
1196 12433 54 128
347 4397 225 128
8728 12433 225 128
445 4397 54 128
3764 12433 225 128
4819 8188 225 128
13888 12433 54 128
2179 12433 225 128
10913 12433 54 128
7088 4397 225 128
6669 12433 54 128
4509 4397 54 128
7123 8188 225 128
5717 12433 54 128
8224 8188 225 128
10704 4397 225 128
5580 4397 54 128
8912 8188 225 128
9724 12433 54 128
14168 1221 54 128
12294 4397 54 128
2252 8188 54 128
5774 1221 225 128
11849 8188 54 128
4524 4397 54 128
7495 12433 225 128
9402 8188 225 128
8224 8188 54 128
10125 12433 54 128
9628 8188 54 128
6412 1221 54 128
8149 12433 54 128
286 286 142 182
5400 12433 225 128
11414 8188 54 128
844 12433 225 128
10261 8188 225 128
2248 8188 54 128
10770 4397 54 128
10284 12433 54 128
8440 8188 54 128
9525 8188 54 128
2828 12433 225 128
7767 4397 225 128
14168 12433 225 128
3911 1221 54 128
2285 4397 225 128
8875 1221 225 128
10601 12433 225 128
7291 4397 54 128
2718 4397 225 128
540 8188 54 128
2970 4397 54 128
3795 12433 54 128
3770 4397 54 128
5220 4397 54 128
8810 8188 54 128
1357 12433 54 128
5535 8188 54 128
12118 1221 54 128
1088 4397 225 128
13613 12433 225 128
2594 12433 225 128
6319 4397 54 128
7100 12433 225 128
5014 4641 165 144
11849 1221 54 128
10615 8188 54 128
2030 12433 54 128
4561 12433 54 128
4977 4397 54 128
1738 1221 54 128
3442 1221 225 128
5850 12433 54 128
10653 12433 225 128
8170 4397 54 128
1187 8188 225 128
8955 8188 225 128
5690 8188 225 128
4515 8188 225 128
12815 12433 225 128
9152 12433 54 128
13474 12433 225 128
13474 8188 225 128
14344 12433 54 128
12226 12433 54 128
10242 12433 54 128
11355 8188 54 128
10951 4397 225 128
11201 1221 54 128
6009 1221 225 128
3200 12433 225 128
2633 1221 54 128
7424 8188 225 128
7760 12433 225 128
11972 8188 54 128
14299 12433 54 128
9474 1221 225 128
13173 4397 225 128
6971 8188 225 128
2577 4397 54 128
2405 8188 225 128
1153 4397 225 128
12599 12433 225 128
3074 8188 54 128
2209 12433 54 128
8240 4397 54 128
13593 12433 54 128
12136 4397 54 128
8735 8188 54 128
4114 12433 225 128
7760 12433 54 128
10471 8797 54 128
13293 1221 225 128
1885 1885 142 182
2798 8188 54 128
6701 12433 54 128
3766 1221 225 128
5038 1221 225 128
414 4397 54 128
10045 4397 225 128
12370 8188 225 128
9260 12433 54 128
9478 1221 54 128
5010 4397 225 128
10727 1221 54 128
6414 6414 142 182
6058 8188 225 128
359 4397 225 128
8046 8188 54 128
3074 12433 225 128
613 8188 225 128
7335 4397 225 128
9527 4397 54 128
9260 4397 225 128
11201 4397 54 128
3497 12433 54 128
14096 8188 54 128
7283 8188 225 128
5304 12433 54 128
3361 12433 225 128
9359 12433 225 128
1557 12433 54 128
2444 4397 225 128
5854 12433 54 128
12097 8188 225 128
902 4397 225 128
12797 4397 54 128
8202 4397 54 128
12815 1221 54 128
10654 12433 54 128
9113 4397 54 128
11098 1221 54 128
10233 1221 54 128
902 4397 54 128
5814 4397 54 128
6035 12433 225 128
5736 8188 54 128
4239 8188 54 128
12370 1221 54 128
11720 1221 54 128
12758 1221 225 128
906 12433 225 128
12662 4397 225 128
5535 8188 225 128
2688 4397 54 128
10722 12433 54 128
1557 8188 225 128
10230 1221 225 128
12088 4397 54 128
5919 12433 225 128
4712 4397 54 128
9526 4397 54 128
2422 12433 54 128
9630 4397 54 128
5690 12433 54 128
10458 12433 54 128
7010 1221 54 128
6099 4397 225 128
6795 8188 54 128
10379 4397 54 128
5535 4397 225 128
3766 4397 225 128
250 1221 54 128
7098 12433 54 128
4309 4397 54 128
5762 12433 225 128
5038 4397 225 128
4320 8188 54 128
13341 8188 225 128
1560 8188 54 128
1217 1221 54 128
12628 1221 54 128
5162 1221 54 128
10792 12433 54 128
4996 4397 54 128
10458 8188 225 128
13267 4397 54 128
8815 8188 54 128
585 8188 225 128
1557 4397 54 128
3998 12433 54 128
12662 1221 54 128
14337 8188 54 128
4792 8188 225 128
2030 1221 54 128
6567 8188 54 128
9377 8188 54 128
5034 4397 225 128
2884 12433 54 128
1648 12433 54 128
4543 12433 54 128
11355 4397 225 128
4164 4397 54 128
4094 4397 225 128
1666 8188 225 128
13474 4397 225 128
12888 12433 54 128
12111 4397 225 128
12398 4397 225 128
3770 8188 54 128
4789 8188 225 128
11201 4397 225 128
13931 8188 54 128
740 12433 225 128
14481 12433 54 128
7438 8188 225 128
1959 8188 225 128
13364 8188 225 128
14242 4397 54 128
12255 8188 225 128
10589 8188 225 128
6276 12433 54 128
4002 1221 225 128
5762 8188 54 128
12213 12433 54 128
7706 12433 54 128
13293 12433 54 128
8875 4397 225 128
7773 4397 225 128
1586 1586 142 182
8392 12433 225 128
2633 1221 225 128
10654 12433 225 128
14032 1221 54 128
12475 4397 225 128
7123 12433 225 128
5750 8188 225 128
3765 1221 225 128
4737 12433 225 128
1895 1221 54 128
8492 1221 225 128
2101 4397 225 128
6723 8188 225 128
4555 1221 54 128
2601 4397 54 128
52 8188 54 128
12398 12433 225 128
4190 12433 54 128
2113 8188 225 128
10756 8188 225 128
5347 1221 54 128
9312 4397 225 128
2030 12433 225 128
2319 4397 54 128
14263 1221 54 128
228 1221 54 128
10613 12433 54 128
2285 12433 225 128
9552 4397 54 128
7424 12433 225 128
12475 1221 225 128
8921 8188 225 128
6950 12433 54 128
9312 12433 225 128
6835 1221 225 128
10393 4397 225 128
12443 4397 54 128
6971 12433 225 128
1523 1523 142 182
6121 1221 54 128
12002 8188 225 128
4225 8188 54 128
9100 1221 225 128
4153 4153 142 182
1040 12433 54 128
2508 4397 225 128
157 8188 54 128
1187 1221 54 128
14242 8188 54 128
5560 1221 225 128
13388 8188 225 128
3443 12433 54 128
5919 1221 54 128
12118 4397 225 128
12295 12433 54 128
9312 1221 54 128
4845 8188 54 128
6251 12433 225 128
7140 12433 225 128
4888 12433 54 128
896 12433 225 128
3625 4397 54 128
9312 8188 225 128
228 4397 54 128
4541 8188 225 128
4409 12433 225 128
2658 12433 54 128
10261 1221 54 128
4888 4397 54 128
357 12433 54 128
5717 8188 54 128
6147 4397 54 128
12026 1221 225 128
5717 4397 225 128
11116 4397 54 128
12241 1221 54 128
5465 4397 54 128
3890 8188 54 128
14481 8188 54 128
3686 8188 225 128
13293 8188 225 128
8875 1221 54 128
3764 8188 225 128
114 8188 225 128
868 4397 225 128
7088 1221 225 128
4309 12433 54 128
13435 8188 225 128
14058 12433 225 128
2319 12433 54 128
11979 12433 225 128
9862 1221 225 128
6226 12433 225 128
1231 4397 225 128
13396 8188 54 128
10704 4397 54 128
3005 3931 225 128
5343 12433 54 128
5411 8188 225 128
12233 12433 54 128
13600 1221 225 128
9049 4397 54 128
11926 4397 54 128
4026 1221 225 128
4144 1221 225 128
9478 4397 54 128
14259 4397 54 128
10906 8188 225 128
6953 8188 54 128
7717 4397 54 128
7413 8188 225 128
4721 4397 225 128
2970 12433 54 128
14032 4397 225 128
12628 1221 225 128
6149 6149 142 182
5427 4397 54 128
12708 8188 225 128
2658 12433 225 128
1600 1600 142 182
4002 8188 54 128
3022 12433 54 128
52 4397 225 128
8476 4397 54 128
1770 1221 225 128
11720 8188 225 128
12336 12433 54 128
740 4397 54 128
3186 8188 54 128
2718 4397 54 128
14200 1221 54 128
11720 1221 225 128
1738 4397 54 128
5850 8188 225 128
9377 8188 225 128
14470 12433 225 128
9724 8188 225 128
13926 12433 54 128
13714 4397 54 128
12747 8188 225 128
5078 8188 54 128
10821 12433 54 128
2972 4397 54 128
157 4397 54 128
13491 12433 54 128
2209 1221 225 128
265 1221 225 128
4219 12433 54 128
8833 8188 225 128
3746 4397 54 128
7994 1221 54 128
8367 4397 54 128
6617 8188 225 128
10168 8188 225 128
8385 7061 165 144
12797 8188 54 128
7588 1221 54 128
458 4397 225 128
4475 8188 54 128
2633 4397 225 128
13931 8188 225 128
1421 4397 225 128
13474 1221 225 128
902 1221 225 128
14096 12433 225 128
13190 8188 54 128
4514 12433 225 128
412 4397 225 128
13926 12433 225 128
13491 4397 54 128
19 1221 225 128
9724 8188 54 128
11278 8188 54 128
6267 8188 54 128
9458 1221 225 128
6992 8188 54 128
8734 1221 225 128
9527 12433 225 128
1040 8188 225 128
4509 8188 225 128
4967 8188 225 128
10197 8188 54 128
1053 4397 54 128
3186 1221 54 128
5010 12433 54 128
2795 4397 54 128
1408 12433 225 128
7118 4397 225 128
5762 1221 225 128
1334 4397 54 128
4373 12433 54 128
6362 4397 225 128
6073 1221 54 128
5249 12433 54 128
9085 8188 54 128
7696 4397 225 128
6398 12433 54 128
1107 4397 225 128
250 4397 54 128
8795 8188 225 128
540 8188 225 128
12962 1221 225 128
7864 7864 142 182
7753 8188 54 128
9771 1221 225 128
446 12433 54 128
9525 1221 54 128
10467 12433 225 128
12225 8188 54 128
12398 8188 225 128
5034 1221 54 128
8514 12433 54 128
7098 1221 54 128
12241 12433 225 128
4059 4397 225 128
9614 12433 54 128
3794 8188 225 128
52 12433 225 128
8945 12433 225 128
10981 4397 225 128
5498 1221 54 128
4091 8188 225 128
12336 12433 225 128
11849 4397 225 128
12720 12433 225 128
13790 1221 225 128
1053 4397 225 128
2508 8188 225 128
14200 12433 225 128
13955 1221 225 128
6567 8188 225 128
14337 4397 54 128
4845 4397 54 128
13510 13510 142 182
1130 4397 225 128
1564 8188 225 128
5796 8188 225 128
1957 1221 54 128
6244 12433 225 128
1846 12433 225 128
4503 8188 225 128
8582 4397 54 128
11975 1221 225 128
10166 12433 225 128
2470 1221 54 128
4555 12433 54 128
2567 1221 225 128
4503 12433 225 128
12640 1221 225 128
10045 1221 225 128
159 159 142 182
7283 1221 225 128
6669 8188 54 128
11526 4397 54 128
2422 8188 54 128
5458 8188 54 128
1770 8188 225 128
12241 1221 225 128
1384 1221 54 128
10906 12433 54 128
12233 8188 225 128
14470 4397 225 128
8557 8557 142 182
412 8188 54 128
868 4397 54 128
7546 4397 54 128
8810 12433 54 128
7038 4397 225 128
5220 1221 54 128
7438 1221 54 128
12233 1221 54 128
12599 12433 54 128
11972 4397 54 128
9358 12433 225 128
8583 8188 54 128
8064 4397 225 128
6617 4397 54 128
3442 4397 54 128
3005 4397 54 128
2248 1221 54 128
10467 1221 225 128
13341 1221 54 128
5021 4397 54 128
2333 12433 225 128
12640 1221 54 128
7546 8188 225 128
837 4397 54 128
12118 8188 225 128
9704 12433 225 128
3770 12433 225 128
8297 12433 54 128
10242 1221 225 128
13790 4397 54 128
10615 12433 54 128
6373 1221 54 128
10029 1221 54 128
12665 8188 225 128
3575 4397 225 128
2733 12433 225 128
3707 8188 54 128
13485 1221 225 128
3538 1221 225 128
7803 12433 54 128
6836 6836 142 182
3365 8188 225 128
4222 8188 225 128
12747 12433 225 128
13714 12433 225 128
11106 8188 54 128
10261 12433 54 128
3686 12433 54 128
2110 8188 225 128
4980 8188 225 128
627 12433 54 128
7532 4397 54 128
114 1221 54 128
8795 12433 54 128
6462 12433 54 128
5129 4397 225 128
9359 4397 225 128
9256 4397 54 128
9049 4397 225 128
9434 1221 54 128
8815 4397 54 128
902 1221 54 128
3005 3931 54 128
13600 12433 225 128
359 12433 225 128
13449 1221 54 128
8221 1221 54 128
704 12433 54 128
12962 1221 54 128
8815 8188 225 128
3795 4397 54 128
5458 4397 225 128
2224 4397 225 128
3295 3295 142 182
14270 4397 225 128
3022 1221 54 128
3623 1221 225 128
12111 12433 54 128
7717 12433 54 128
12237 4397 225 128
446 8188 225 128
10125 4397 225 128
9319 1221 225 128
802 8188 54 128
5878 1221 54 128
8237 12433 225 128
13979 8188 54 128
4721 1221 225 128
4059 12433 225 128
2836 4083 165 144
10653 8188 54 128
5411 12433 54 128
906 4397 225 128
4334 8188 54 128
4026 12433 225 128
4977 4397 225 128
3686 8188 54 128
5291 4397 54 128
12177 8188 225 128
9552 12433 54 128
4059 8188 54 128
7010 4397 54 128
7029 1221 54 128
4002 12433 225 128
10379 8188 54 128
3340 12433 54 128
613 8188 54 128
585 1221 54 128
8950 1221 225 128
7706 8188 54 128
12097 4397 225 128
5409 4397 54 128
1619 1221 225 128
12239 8188 225 128
13132 12433 54 128
5340 4397 225 128
5034 8188 54 128
3493 4397 225 128
8170 4397 225 128
7139 12433 54 128
8202 4397 225 128
13176 12433 225 128
9918 4397 225 128
9256 1221 54 128
2090 8188 225 128
4509 1221 225 128
7945 8188 54 128
14523 14523 142 182
6373 4397 225 128
3961 12433 54 128
6276 12433 225 128
2319 1221 54 128
2819 12433 225 128
8134 4397 54 128
9614 1221 225 128
7546 8188 54 128
398 398 142 182
6492 6492 142 182
9867 4397 225 128
7694 1221 225 128
1153 1221 225 128
14427 4397 225 128
10574 12433 54 128
10284 8188 225 128
1959 4397 225 128
3890 12433 225 128
11125 12433 54 128
7773 12433 54 128
4103 12433 225 128
250 12433 225 128
6955 8188 54 128
2359 4397 225 128
3385 3385 142 182
1957 8188 54 128
12815 1221 225 128
4219 12433 225 128
10197 4397 54 128
13979 12433 54 128
7538 8188 54 128
1738 4397 225 128
4791 4397 54 128
7029 8188 225 128
5473 8188 225 128
5228 4397 225 128
3370 8188 225 128
9015 4397 54 128
2880 8188 225 128
14168 4397 54 128
4059 1221 225 128
9254 1221 225 128
265 1221 54 128
2113 12433 225 128
8810 1221 225 128
156 8188 54 128
5010 8188 225 128
1557 12433 225 128
12237 12433 225 128
3745 4397 225 128
10196 8188 225 128
10233 4397 54 128
13513 12433 225 128
4978 4397 225 128
6058 1221 225 128
14470 12433 54 128
8514 8188 54 128
4791 1221 225 128
6035 1221 225 128
4524 4397 225 128
7646 12433 54 128
4543 1221 54 128
5340 1221 225 128
7413 12433 225 128
6099 1221 225 128
5616 12433 54 128
3041 1221 225 128
9502 8188 54 128
1052 1221 225 128
8582 12433 225 128
5048 4397 225 128
8921 8188 54 128
5409 1221 225 128
13790 4397 225 128
8921 4397 225 128
13441 1221 225 128
6835 4397 54 128
403 1221 54 128
13684 1221 225 128
4977 12433 54 128
3365 4397 225 128
8921 12433 225 128
3455 4397 54 128
5560 12433 225 128
11098 8188 225 128
14033 1221 54 128
11606 4397 225 128
8240 1221 225 128
6009 4397 54 128
8833 1221 54 128
13931 1221 225 128
7029 1221 225 128
9029 12433 225 128
3311 12433 54 128
7627 8188 225 128
8195 12433 225 128
8692 8188 225 128
11355 12433 54 128
8134 12433 54 128
1268 12433 54 128
14511 4397 225 128
1408 12433 54 128
4334 1221 225 128
10722 12433 225 128
7994 4397 225 128
1092 12433 225 128
12026 8188 54 128
4239 12433 225 128
10125 8188 54 128
4792 4397 54 128
14242 12433 225 128
12111 1221 54 128
4219 1221 225 128
10284 4397 225 128
5021 12433 225 128
12574 8188 54 128
10125 1221 225 128
1770 12433 225 128
2484 8188 225 128
6953 1221 225 128
4515 1221 54 128
12574 8188 225 128
10381 1221 54 128
7768 4397 54 128
906 8188 54 128
3361 12433 54 128
13565 2836 165 144
11831 4397 54 128
4703 12433 225 128
2030 4397 54 128
7753 12433 225 128
10163 8188 225 128
11606 1221 225 128
9960 8188 225 128
8477 1221 225 128
1546 8188 225 128
9849 8188 54 128
11975 4397 225 128
7335 1221 225 128
8231 1221 54 128
5377 12433 54 128
6143 4397 225 128
14278 4397 54 128
2972 1221 54 128
2113 4397 54 128
1421 12433 54 128
12295 8188 225 128
5519 1221 225 128
13613 1221 225 128
829 4397 54 128
2828 12433 54 128
10197 12433 54 128
14337 12433 225 128
8209 1221 54 128
10613 8188 225 128
10778 12433 54 128
1770 1221 54 128
1015 1221 54 128
3748 12433 54 128
9960 4397 54 128
12233 12433 225 128
10613 8188 54 128
11812 8188 54 128
10047 1221 225 128
403 4397 54 128
4320 1221 54 128
7140 8188 225 128
7866 12433 225 128
5057 8188 225 128
8950 4397 54 128
3365 4397 54 128
3961 1221 54 128
10471 4397 54 128
7118 4397 54 128
13684 12433 225 128
12255 1221 54 128
285 4397 54 128
10233 8188 225 128
5560 12433 54 128
12026 4397 225 128
3370 8188 54 128
5328 8188 225 128
2373 2373 142 182
3350 1221 225 128
5031 4397 54 128
2484 4397 225 128
844 12433 54 128
1959 1221 54 128
1747 8188 54 128
4872 1221 225 128
13926 1221 54 128
13979 1221 54 128
1895 12433 54 128
10927 4397 54 128
12468 4397 225 128
1107 12433 225 128
6267 1221 54 128
2798 12433 225 128
14270 8188 54 128
79 1221 225 128
2972 4397 225 128
5031 12433 54 128
6669 1221 225 128
12747 4397 54 128
250 12433 54 128
14033 12433 54 128
13239 8188 225 128
10589 12433 54 128
8448 4397 225 128
4889 8188 54 128
8209 4397 54 128
5307 5307 142 182
8149 4397 225 128
236 4397 225 128
1994 1221 54 128
13888 8188 225 128
10704 12433 225 128
9756 9756 142 182
8696 4397 225 128
8600 8188 54 128
13239 1221 225 128
6053 4397 54 128
9113 8188 54 128
8240 8188 225 128
13672 13672 142 182
13593 8188 225 128
10713 1221 225 128
10809 5014 165 144
10196 1221 225 128
4103 1221 225 128
1107 8188 225 128
14249 4397 54 128
844 1221 54 128
10163 1221 225 128
5481 8188 54 128
9011 1221 225 128
7546 12433 225 128
1268 4397 54 128
6155 4397 225 128
11049 12433 225 128
3311 1221 54 128
3623 4397 225 128
10385 8188 54 128
2444 8188 54 128
13592 13592 142 182
13454 4397 225 128
4002 1221 54 128
11972 12433 54 128
10771 4397 225 128
1762 1221 54 128
8728 4397 225 128
5215 1221 225 128
7139 12433 225 128
1564 8188 54 128
3477 8188 225 128
11368 4397 54 128
7548 1221 225 128
8367 12433 54 128
8964 8188 225 128
2251 8188 225 128
10522 4397 225 128
10230 1221 54 128
3256 12433 54 128
5878 8188 54 128
7139 8188 225 128
1957 8188 225 128
2110 4397 54 128
2629 8188 54 128
13239 4397 54 128
4872 4397 225 128
4555 1221 225 128
804 4397 225 128
6244 8188 54 128
1444 4397 54 128
4980 12433 225 128
6009 12433 225 128
12410 8188 225 128
4514 1221 54 128
4737 8188 54 128
804 8188 225 128
5070 1221 225 128
7803 4397 54 128
4320 8188 225 128
6099 8188 54 128
5560 1221 54 128
13485 8188 225 128
1192 4397 54 128
3961 4397 54 128
9358 4397 54 128
8224 1221 225 128
8696 1221 225 128
13396 4397 54 128
4059 4397 54 128
10047 12433 225 128
5162 1221 225 128
6267 4397 54 128
10047 4397 54 128
2214 12433 54 128
7768 4397 225 128
10458 1221 225 128
14337 8188 225 128
6412 4397 225 128
6275 4397 225 128
2333 1221 225 128
7495 1221 225 128
4094 8188 54 128
13888 1221 225 128
9458 1221 54 128
2214 1221 54 128
414 8188 54 128
2209 4397 54 128
6288 12433 225 128
3361 8188 54 128
1187 12433 54 128
5249 12433 225 128
6267 8188 225 128
9630 1221 225 128
5762 1221 54 128
7542 12433 54 128
7803 8188 54 128
6398 4397 54 128
2836 4641 165 144
14481 12433 225 128
5481 1221 225 128
12483 12483 142 182
14096 12433 54 128
12297 4397 225 128
7370 1221 54 128
6397 1221 225 128
13067 8188 225 128
8107 4397 225 128
13154 4397 54 128
5774 12433 54 128
10230 8188 54 128
9576 8188 225 128
14058 4397 225 128
11750 12433 54 128
1384 12433 54 128
5458 12433 54 128
250 4397 225 128
12720 8188 54 128
4334 1221 54 128
11278 1221 225 128
9458 8188 225 128
10617 8188 54 128
8341 12433 54 128
10906 4397 54 128
2405 1221 225 128
1205 1221 225 128
5481 12433 225 128
4967 12433 225 128
7646 4397 54 128
837 12433 54 128
7753 4397 54 128
5796 4397 54 128
12856 8188 225 128
740 12433 54 128
294 12433 54 128
6997 12433 225 128
14096 4397 54 128
13441 8188 54 128
9846 8188 225 128
6848 4397 225 128
4334 4397 225 128
12797 8188 225 128
1334 4397 225 128
8156 4397 225 128
7263 1221 54 128
9999 4397 54 128
600 8188 54 128
11201 8188 54 128
5878 8188 225 128
12917 1221 54 128
6997 1221 54 128
9319 1221 54 128
6602 1221 225 128
359 1221 54 128
6147 1221 54 128
3765 4397 225 128
802 1221 54 128
7061 11466 165 144
2688 1221 225 128
586 4397 54 128
3173 8188 225 128
6073 4397 54 128
6669 1221 54 128
14427 1221 54 128
576 1221 225 128
2796 4397 54 128
1384 4397 225 128
10613 4397 225 128
12410 12433 225 128
3770 1221 54 128
5529 12433 225 128
2629 1221 225 128
3766 12433 225 128
2612 1221 54 128
7088 8188 54 128
7717 1221 225 128
6275 8188 225 128
9359 8188 54 128
6971 4397 225 128
347 8188 54 128
14168 12433 54 128
13341 1221 225 128
8107 8188 225 128
2359 8188 225 128
1564 4397 54 128
11098 12433 54 128
2803 12433 225 128
3074 8188 225 128
12443 1221 54 128
12720 12433 54 128
12295 8188 54 128
2633 12433 54 128
3477 12433 54 128
7588 4397 54 128
8134 12433 225 128
9492 1221 225 128
12237 8188 225 128
13684 1221 54 128
13067 1221 225 128
4791 4397 225 128
1994 1221 225 128
12758 12433 54 128
2594 4397 225 128
11305 11305 142 182
13790 12433 225 128
10913 8188 225 128
868 1221 54 128
11822 8188 54 128
8341 8188 225 128
357 8188 54 128
13129 8188 54 128
8492 4397 225 128
10608 1221 54 128
9576 1221 225 128
7495 1221 54 128
4182 8188 54 128
7803 4397 225 128
14196 14196 142 182
5215 4397 225 128
3186 1221 225 128
11596 12433 225 128
12574 12433 54 128
12574 1221 225 128
5736 4397 54 128
11720 12433 225 128
1444 1221 225 128
5498 1221 225 128
902 12433 225 128
13285 1221 54 128
294 8188 225 128
10704 8188 54 128
8795 4397 54 128
13293 12433 225 128
9651 8188 54 128
6887 12433 54 128
1169 1221 54 128
5048 12433 225 128
4509 1221 54 128
2508 4397 54 128
6953 4397 54 128
157 1221 225 128
10906 12433 225 128
1040 12433 225 128
7913 12433 225 128
5919 12433 54 128
13931 1221 54 128
4222 4397 54 128
13927 1221 225 128
1648 8188 225 128
2422 8188 225 128
8734 8188 54 128
13190 8188 225 128
14200 4397 54 128
7283 1221 54 128
1217 12433 225 128
13176 12433 54 128
13886 12433 225 128
9402 1221 54 128
4496 12433 54 128
5519 1221 54 128
12177 4397 54 128
896 1221 54 128
12213 1221 54 128
11201 12433 225 128
10327 4397 54 128
11125 4397 225 128
537 537 142 182
10166 4397 54 128
13485 8188 54 128
8921 1221 54 128
168 12433 225 128
4409 1221 54 128
3173 4397 54 128
2251 12433 225 128
5774 1221 54 128
8202 12433 225 128
7808 1221 54 128
7118 8188 54 128
4543 4397 225 128
10771 1221 54 128
14168 8188 54 128
8728 12433 54 128
10004 12433 54 128
4409 1221 225 128
9590 8188 54 128
12177 12433 54 128
12853 1221 225 128
6723 12433 225 128
5399 5399 142 182
9294 1221 54 128
4819 8188 54 128
13613 12433 54 128
10956 1221 54 128
8392 4397 225 128
10999 4397 54 128
5328 12433 225 128
13790 1221 54 128
7098 4397 225 128
12485 4397 225 128
8600 4397 54 128
10601 8188 54 128
10298 1221 54 128
12088 12433 54 128
4026 1221 54 128
14470 1221 54 128
2179 8188 225 128
11414 12433 54 128
1040 8188 54 128
5489 4397 225 128
10999 12433 225 128
7767 12433 225 128
586 1221 225 128
7627 1221 225 128
1957 12433 54 128
6617 12433 225 128
5129 8188 54 128
4656 4397 54 128
5215 1221 54 128
12210 8188 54 128
9862 8188 225 128
12720 4397 54 128
12640 12433 225 128
13285 8188 54 128
2591 1221 225 128
8583 12433 225 128
2654 8188 54 128
6236 12433 54 128
9867 8188 225 128
8134 1221 54 128
13173 8188 54 128
6319 12433 54 128
12409 4397 54 128
13593 12433 225 128
7534 4397 225 128
4703 4397 54 128
8912 1221 54 128
2251 1221 54 128
7088 8188 225 128
1408 4397 54 128
3022 1221 225 128
12853 8188 225 128
3911 12433 225 128
9658 12433 225 128
5215 4397 54 128
9402 12433 225 128
1130 8188 225 128
10166 8188 225 128
8341 1221 54 128
5458 1221 225 128
2629 8188 225 128
10047 8188 54 128
3890 8188 225 128
359 4397 54 128
4515 4397 54 128
5328 1221 225 128
8297 4397 225 128
3311 1221 225 128
906 8188 225 128
12210 4397 54 128
6267 12433 54 128
14058 8188 225 128
2004 4397 54 128
4792 1221 54 128
7098 8188 225 128
8221 8188 54 128
1268 12433 225 128
9301 9301 142 182
2629 4397 54 128
13886 1221 54 128
3344 12433 225 128
13474 4397 54 128
13014 1221 225 128
7994 1221 225 128
5034 12433 54 128
9113 1221 225 128
9015 1221 54 128
12410 4397 225 128
228 8188 54 128
13435 1221 54 128
10999 8188 225 128
10796 12433 54 128
10722 8188 225 128
4737 4397 54 128
11911 4397 54 128
5750 12433 225 128
4219 8188 225 128
12365 4397 225 128
2796 12433 54 128
2658 4397 225 128
1959 8188 54 128
4373 12433 225 128
4604 1221 225 128
14224 4397 225 128
4647 4397 225 128
12853 1221 54 128
5340 4397 54 128
3538 8188 54 128
9730 4397 54 128
12815 4397 54 128
9862 4397 225 128
4737 8188 225 128
837 12433 225 128
2484 12433 225 128
354 12433 225 128
4496 12433 225 128
7913 8188 225 128
8237 8188 225 128
4222 1221 54 128
8224 4397 54 128
1153 1221 54 128
772 8188 54 128
12628 4397 54 128
10298 8188 225 128
9254 1221 54 128
9492 4397 54 128
14218 12433 54 128
3493 1221 225 128
10381 4397 54 128
5535 1221 225 128
414 1221 225 128
8810 8188 225 128
4967 8188 54 128
3781 12433 54 128
357 1221 54 128
4980 1221 225 128
11894 4397 225 128
6375 12433 54 128
10379 1221 225 128
9377 4397 225 128
4222 4397 225 128
2688 8188 54 128
9011 8188 225 128
1196 8188 54 128
1959 12433 54 128
3173 12433 225 128
7010 1221 225 128
540 4397 225 128
12237 8188 54 128
6128 4397 54 128
3477 8188 54 128
3795 8188 54 128
1092 1221 225 128
14096 8188 225 128
3799 4397 225 128
4144 4397 54 128
6251 12433 54 128
9140 12433 225 128
10906 8188 54 128
14032 4397 54 128
13576 12433 225 128
2567 12433 54 128
2470 1221 225 128
11431 12433 225 128
10374 10374 142 182
11750 4397 225 128
3998 4397 225 128
403 4397 225 128
6462 4397 54 128
1130 12433 225 128
12046 12433 54 128
3921 8188 225 128
6964 6964 142 182
7370 1221 225 128
6288 4397 225 128
6073 8797 54 128
5685 8188 225 128
2962 8188 54 128
14249 1221 225 128
6783 6783 142 182
13613 4397 225 128
896 8188 225 128
5038 12433 54 128
9402 12433 54 128
3005 8188 54 128
13485 12433 225 128
1334 12433 225 128
7717 8188 54 128
14033 8188 54 128
3173 1221 225 128
9434 8188 54 128
5357 4397 225 128
8709 1221 54 128
6848 4397 54 128
5249 1221 225 128
7356 12433 54 128
6009 8188 225 128
13886 8188 225 128
11355 12433 225 128
4219 1221 54 128
10796 4397 225 128
1910 12433 225 128
9358 4397 225 128
11849 1221 225 128
8735 1221 54 128
5048 8188 225 128
2688 12433 225 128
9576 4397 225 128
7123 8188 54 128
13600 4397 54 128
1384 12433 225 128
10429 8188 225 128
5228 8188 54 128
5034 4397 54 128
9502 1221 225 128
10381 12433 225 128
11894 4397 54 128
445 4397 225 128
2224 8188 225 128
2803 8188 225 128
8046 12433 225 128
1092 12433 54 128
10589 4397 54 128
10914 4397 54 128
9294 12433 54 128
2251 1221 225 128
3745 12433 54 128
8810 4397 54 128
6950 4397 54 128
4222 12433 225 128
4091 4397 54 128
12853 8188 54 128
1052 12433 54 128
2209 8188 54 128
10617 1221 54 128
12097 12433 54 128
7139 1221 54 128
11849 12433 225 128
11714 11714 142 182
4167 12433 54 128
2654 12433 225 128
9099 1221 54 128
8627 12433 225 128
9999 8188 54 128
14270 8188 225 128
10261 12433 225 128
354 12433 54 128
3748 4397 225 128
1910 8188 225 128
10381 4397 225 128
3493 1221 54 128
2997 4397 225 128
2734 8188 54 128
13930 12433 54 128
6835 8188 54 128
6121 4397 54 128
2444 4397 54 128
1384 1221 225 128
5465 8188 225 128
1760 4397 54 128
8149 1221 225 128
10393 4397 54 128
9294 12433 225 128
3911 8188 225 128
14200 4397 225 128
11201 12433 54 128
7100 1221 225 128
6121 12433 54 128
3074 4397 225 128
6997 4397 225 128
6009 4397 225 128
12599 1221 54 128
6462 1221 54 128
1153 12433 54 128
5409 4397 225 128
12295 4397 54 128
7285 12433 225 128
10438 4397 225 128
9960 12433 225 128
3340 12433 225 128
5473 8188 54 128
11831 1221 54 128
13930 1221 225 128
14263 8188 225 128
5498 12433 54 128
772 4397 225 128
4604 12433 54 128
9140 1221 225 128
3256 8188 54 128
9527 4397 225 128
423 4397 54 128
12046 1221 225 128
960 8188 225 128
5690 8188 54 128
1801 1221 225 128
1747 8188 225 128
3876 3876 142 182
2319 12433 225 128
694 8188 54 128
13441 12433 54 128
4103 4397 54 128
13011 8188 225 128
7532 12433 225 128
5357 1221 54 128
14337 1221 54 128
7994 12433 225 128
4967 1221 54 128
3095 4397 225 128
13154 4397 225 128
2819 1221 54 128
2484 4397 54 128
12758 12433 225 128
4246 8188 225 128
8955 4397 54 128
354 8188 225 128
12002 8188 54 128
9918 1221 54 128
7162 8188 54 128
844 8188 225 128
9319 4397 225 128
2688 1221 54 128
8 4397 54 128
5328 1221 54 128
8 12433 225 128
2444 1221 54 128
3781 1221 54 128
2333 12433 54 128
5489 8188 54 128
6992 12433 54 128
709 709 142 182
2214 1221 225 128
5249 8188 54 128
7627 1221 54 128
704 4397 225 128
10429 12433 54 128
10770 12433 225 128
5162 12433 54 128
7557 8188 54 128
8240 8188 54 128
9113 8188 225 128
12213 4397 54 128
19 4397 54 128
837 8188 54 128
446 4397 225 128
12276 8188 54 128
9256 12433 54 128
8231 8188 225 128
7029 12433 54 128
6848 12433 225 128
9140 8188 225 128
663 4397 225 128
4656 8188 225 128
6997 12433 54 128
13449 12433 225 128
8755 12433 225 128
9634 1221 225 128
4373 1221 54 128
3483 1221 54 128
7556 8188 225 128
1681 4397 54 128
802 8188 225 128
12380 12433 225 128
11109 4083 165 144
10166 8188 54 128
2289 12433 225 128
7971 1221 225 128
12097 1221 225 128
14511 12433 54 128
10608 8188 225 128
14249 8188 225 128
6319 8188 225 128
9710 12433 225 128
596 4397 225 128
8134 8188 54 128
12398 4397 54 128
6177 4397 225 128
2056 8188 54 128
12276 1221 225 128
8810 1221 54 128
12225 1221 54 128
4496 1221 225 128
10242 4397 225 128
5919 1221 225 128
7548 12433 54 128
10385 8188 225 128
14218 8188 54 128
12252 4397 54 128
12276 1221 54 128
6484 5014 165 144
14218 1221 225 128
1192 12433 54 128
9704 4397 54 128
5519 12433 54 128
12409 1221 54 128
4485 8188 225 128
4596 8188 225 128
5425 12433 225 128
10653 8188 225 128
10771 12433 54 128
7945 4397 54 128
10727 12433 225 128
4797 8188 54 128
12136 12433 225 128
4373 8188 225 128
5021 8188 225 128
285 1221 225 128
9100 12433 225 128
4114 4397 54 128
11972 12433 225 128
9294 4397 54 128
8064 4397 54 128
8492 8188 54 128
4091 12433 225 128
10608 12433 225 128
2285 1221 225 128
5070 8188 225 128
10458 4397 54 128
13776 4397 54 128
5796 12433 54 128
2658 8188 225 128
7756 8188 54 128
5796 1221 225 128
1494 4397 225 128
5796 8188 54 128
2898 12433 54 128
9590 12433 54 128
7588 8188 54 128
1648 1221 54 128
3766 8188 225 128
11431 1221 54 128
3746 4397 225 128
11431 4397 54 128
10274 8188 225 128
6128 1221 225 128
9502 4397 54 128
12409 1221 225 128
6244 4397 54 128
12443 8188 54 128
8111 12433 225 128
9502 12433 54 128
13886 8188 54 128
10914 1221 225 128
5070 4397 225 128
285 8188 225 128
2970 1221 225 128
3770 4397 225 128
14058 12433 54 128
9474 12433 225 128
3781 1221 225 128
844 1221 225 128
6723 12433 54 128
10522 1221 225 128
9755 12433 54 128
3707 1221 225 128
14337 12433 54 128
5347 12433 225 128
10379 1221 54 128
868 1221 225 128
8202 1221 225 128
5425 8188 225 128
1910 4397 54 128
11776 12433 54 128
11979 12433 54 128
8231 4397 54 128
6602 12433 54 128
9474 8188 225 128
5750 8188 54 128
8237 1221 54 128
1936 12433 225 128
10047 8188 225 128
10214 4397 54 128
10163 8188 54 128
8138 8188 54 128
2209 1221 54 128
3575 8188 54 128
7098 12433 225 128
12276 12433 225 128
3668 3668 142 182
6572 4397 54 128
1738 1221 225 128
4222 12433 54 128
5220 12433 225 128
9867 1221 225 128
1494 8188 54 128
7773 8188 54 128
12370 4397 54 128
11975 12433 225 128
7263 4397 54 128
6236 4397 54 128
19 8188 225 128
2567 1221 54 128
12225 1221 225 128
14096 1221 225 128
9755 12433 225 128
4721 12433 54 128
1895 4397 225 128
9658 4397 225 128
354 4397 54 128
4819 4397 225 128
9256 4397 225 128
8735 12433 225 128
4190 8188 225 128
2795 1221 54 128
13926 4397 225 128
3361 4397 54 128
2248 12433 225 128
596 8188 54 128
7646 4397 225 128
13776 8188 225 128
4515 4397 225 128
423 8188 225 128
5535 1221 54 128
6397 8188 54 128
13449 12433 54 128
11098 8188 54 128
1421 8188 225 128
5153 12433 225 128
10756 8188 54 128
79 1221 54 128
8795 8188 54 128
2101 12433 225 128
9279 4397 225 128
12507 4397 225 128
9634 1221 54 128
2577 8188 225 128
14299 1221 54 128
5357 12433 54 128
5010 8188 54 128
9628 1221 54 128
8138 12433 225 128
8170 12433 225 128
8955 8188 54 128
11106 1221 225 128
13212 13212 142 182
7285 4397 54 128
10617 1221 225 128
12747 8188 54 128
11434 1221 54 128
13485 12433 54 128
896 4397 225 128
4980 4397 54 128
12276 4397 225 128
844 4397 54 128
7033 8188 54 128
1187 1221 225 128
1444 4397 225 128
9527 8188 54 128
13396 4397 225 128
2880 12433 54 128
8209 12433 225 128
10471 8188 225 128
12398 8188 54 128
7866 8188 225 128
1153 4397 54 128
6971 12433 54 128
7696 12433 54 128
7139 8188 54 128
5465 8188 54 128
3794 4397 225 128
1560 4397 225 128
13435 4397 54 128
9999 4397 225 128
11776 8188 225 128
7162 4397 225 128
8476 12433 54 128
2319 8188 225 128
13454 1221 225 128
9099 8188 54 128
3765 8188 225 128
13600 12433 54 128
14218 4397 54 128
445 1221 225 128
11776 4397 54 128
6701 8188 54 128
1762 12433 54 128
1015 4397 225 128
10792 8188 54 128
11539 11539 142 182
3497 1221 225 128
13441 1221 54 128
2179 8188 54 128
10914 8188 225 128
4978 12433 54 128
10829 4397 54 128
14263 4397 54 128
8448 8188 225 128
14058 4397 54 128
5498 4397 54 128
12002 12433 225 128
14200 1221 225 128
9526 8188 225 128
12507 12433 54 128
14096 4397 225 128
5249 1221 54 128
13449 8188 225 128
6948 6948 142 182
12443 4397 225 128
12815 8188 54 128
7532 12433 54 128
2803 4397 54 128
6848 1221 54 128
265 8188 225 128
7913 12433 54 128
4596 8188 54 128
6637 6637 142 182
10906 1221 54 128
1546 4397 225 128
2056 8188 225 128
7370 4397 54 128
6362 4397 54 128
79 12433 54 128
2359 8188 54 128
4094 8188 225 128
9029 4397 54 128
9999 12433 54 128
7162 12433 225 128
4091 8188 54 128
5489 4397 54 128
313 1221 225 128
2733 4397 225 128
9152 4397 54 128
2718 8188 225 128
3765 12433 54 128
3041 1221 54 128
5220 8188 225 128
829 1221 225 128
12475 1221 54 128
1187 8188 54 128
4509 12433 54 128
3745 8188 54 128
704 8188 225 128
2972 12433 225 128
12365 8188 54 128
3623 12433 225 128
10197 1221 225 128
5582 1221 225 128
4534 4534 142 182
10821 8188 54 128
6373 12433 54 128
14218 4397 225 128
5878 12433 225 128
458 12433 225 128
7010 8188 225 128
10778 1221 54 128
14224 4397 54 128
1196 12433 225 128
4967 1221 225 128
600 4397 225 128
3005 1221 54 128
13130 4397 54 128
6992 4397 225 128
1015 8188 54 128
8875 8188 54 128
6412 8188 54 128
12226 8188 225 128
2798 12433 54 128
4712 4397 225 128
4561 1221 54 128
3746 12433 225 128
10713 12433 54 128
5750 4397 54 128
11812 8188 225 128
8224 12433 225 128
1092 1221 54 128
5473 1221 225 128
13449 4397 54 128
2289 1221 225 128
9029 12433 54 128
13888 8188 54 128
11926 12433 225 128
12853 12433 54 128
12213 4397 225 128
3911 12433 54 128
5021 1221 225 128
6462 12433 225 128
2422 1221 225 128
269 269 142 182
2884 12433 225 128
9029 4397 225 128
1130 8188 54 128
8224 4397 225 128
2179 4397 54 128
2271 8188 54 128
2004 12433 225 128
13449 1221 225 128
14270 1221 225 128
7033 12433 225 128
10770 8188 54 128
3614 3614 142 182
52 1221 225 128
9614 4397 54 128
6035 8188 225 128
7033 1221 225 128
6155 8188 54 128
14033 4397 225 128
5021 8188 54 128
5347 8188 225 128
13886 1221 225 128
10045 8188 225 128
4889 1221 54 128
13285 4397 225 128
12410 1221 54 128
13130 12433 225 128
1040 4397 54 128
12562 12433 54 128
10168 12433 225 128
10617 12433 54 128
9359 1221 54 128
4514 12433 54 128
12370 1221 225 128
2898 4397 54 128
13600 1221 54 128
9254 8188 225 128
12241 4397 54 128
9478 12433 225 128
10615 4397 54 128
6953 12433 225 128
12365 12433 54 128
704 4397 54 128
4320 12433 225 128
12297 1221 225 128
12210 1221 225 128
5249 8188 225 128
13600 4397 225 128
5690 1221 54 128
6375 8188 54 128
5347 4397 225 128
12088 1221 225 128
6128 4397 225 128
10653 1221 54 128
7029 4397 225 128
7971 8188 225 128
12294 8188 225 128
10327 12433 225 128
1397 8188 54 128
8195 12433 54 128
1560 4397 54 128
2285 8188 225 128
9846 4397 54 128
10125 8188 225 128
11812 1221 225 128
10522 4397 54 128
1079 4397 225 128
11526 1221 225 128
7557 1221 225 128
7542 1221 54 128
4721 1221 54 128
5153 8188 54 128
2359 12433 54 128
804 4397 54 128
7370 8188 54 128
5685 12433 225 128
10168 4397 54 128
13576 8188 54 128
7538 8188 225 128
10601 12433 54 128
14033 12433 225 128
2101 1221 225 128
2030 8188 54 128
2997 8188 54 128
3442 8188 225 128
12917 8188 54 128
8755 8188 225 128
13593 4397 225 128
5304 1221 54 128
13955 4397 54 128
3483 12433 225 128
8280 8188 54 128
8 8188 225 128
4373 1221 225 128
8202 12433 54 128
4791 12433 54 128
5153 8188 225 128
2508 12433 225 128
11106 4397 225 128
7291 4397 225 128
1357 12433 225 128
2962 8188 225 128
1052 8188 225 128
5529 8188 225 128
6373 4397 54 128
3575 1221 54 128
11362 4397 225 128
3443 12433 225 128
4980 8188 54 128
11217 11217 142 182
4002 4397 54 128
3748 4397 54 128
6955 1221 54 128
8240 12433 225 128
10163 1221 54 128
613 1221 225 128
10574 4397 225 128
4040 1221 54 128
12599 1221 225 128
10704 1221 54 128
6143 12433 225 128
2113 1221 54 128
12002 1221 225 128
5854 1221 225 128
11291 4397 54 128
8681 4397 54 128
9085 12433 225 128
8600 1221 54 128
12628 12433 225 128
12177 1221 54 128
10654 8188 54 128
7413 1221 225 128
7760 1221 225 128
8046 12433 54 128
8583 4397 54 128
14278 8188 225 128
13790 8188 54 128
11979 8188 225 128
5612 5612 142 182
3344 4397 225 128
9525 4397 54 128
12599 8188 54 128
4514 4397 225 128
9083 1221 225 128
8950 1221 54 128
6155 1221 54 128
5485 4397 54 128
3361 8188 225 128
5848 5848 142 182
6602 4397 54 128
13930 8188 225 128
14337 1221 225 128
12297 12433 54 128
7945 12433 225 128
2030 8188 225 128
13955 8188 54 128
10257 8188 225 128
6545 12433 225 128
4496 4397 54 128
5400 4397 54 128
10913 12433 225 128
11291 1221 54 128
1268 4397 225 128
3911 4397 225 128
7263 8188 225 128
12225 4397 225 128
3344 8188 54 128
12213 8188 225 128
1560 12433 54 128
2359 4397 54 128
1015 8188 225 128
2828 4397 225 128
11312 12433 54 128
2962 1221 225 128
10589 1221 225 128
737 1221 225 128
12815 8188 225 128
2252 12433 225 128
8681 12433 54 128
3442 12433 225 128
14033 8188 225 128
8170 12433 54 128
14249 12433 225 128
12233 4397 225 128
347 1221 225 128
4543 8188 225 128
1770 12433 54 128
9085 4397 225 128
11049 4397 54 128
7438 12433 54 128
5343 4397 54 128
12562 8188 225 128
7773 12433 225 128
9526 1221 54 128
294 4397 225 128
6362 8188 225 128
5473 4397 54 128
13714 8188 54 128
6950 1221 54 128
6602 12433 225 128
4309 4397 225 128
14427 4397 54 128
13132 8188 225 128
5850 4397 54 128
10654 1221 54 128
11979 4397 54 128
11606 12433 225 128
2251 8188 54 128
5034 1221 225 128
11098 12433 225 128
1619 4397 225 128
9083 8188 225 128
11975 8188 225 128
12917 8188 225 128
4503 8188 54 128
1217 8188 54 128
576 8188 54 128
7088 12433 54 128
704 12433 225 128
9630 12433 225 128
3361 4397 225 128
6955 8188 225 128
12370 12433 54 128
6950 4397 225 128
10045 1221 54 128
9846 8188 54 128
2972 8188 225 128
156 1221 225 128
12241 4397 225 128
8477 8188 54 128
13130 8188 54 128
11335 8188 225 128
6955 12433 54 128
9434 12433 225 128
3442 1221 54 128
804 1221 54 128
1648 4397 225 128
8829 4397 54 128
8681 8188 54 128
5228 1221 225 128
10045 12433 225 128
13955 12433 54 128
10029 12433 54 128
12046 1221 54 128
2470 8188 54 128
1357 4397 225 128
4819 12433 225 128
7285 1221 54 128
4541 8188 54 128
2271 4397 54 128
12443 12433 54 128
9015 12433 225 128
9637 4397 225 128
2884 4397 225 128
3770 1221 225 128
168 1221 225 128
906 1221 54 128
9724 12433 225 128
12226 1221 54 128
7118 12433 54 128
3764 1221 225 128
4514 8188 54 128
10613 4397 54 128
8209 8188 54 128
6155 1221 225 128
445 8188 54 128
9049 1221 225 128
10608 4397 54 128
8829 4397 225 128
2359 12433 225 128
1231 12433 225 128
2633 8188 54 128
4190 4397 225 128
168 1221 54 128
12252 8188 54 128
11368 8188 225 128
8149 1221 54 128
2795 1221 225 128
9312 1221 225 128
9083 12433 54 128
8964 1221 54 128
4703 8188 54 128
2803 12433 54 128
7162 4397 54 128
114 1221 225 128
2734 12433 225 128
7924 7924 142 182
11596 12433 54 128
10771 8188 54 128
12294 4397 225 128
8209 12433 54 128
11049 1221 225 128
8755 8188 54 128
12475 8188 225 128
1107 8188 54 128
79 4397 54 128
9704 12433 54 128
14200 12433 54 128
7139 4397 54 128
10393 8188 225 128
11911 12433 225 128
2004 4397 225 128
9986 1221 225 128
423 1221 225 128
13927 12433 54 128
6147 1221 225 128
9771 12433 225 128
13714 12433 54 128
14278 8188 54 128
5048 4397 54 128
8477 8188 225 128
7335 8188 225 128
7029 12433 225 128
4819 12433 54 128
4144 12433 54 128
8681 12433 225 128
586 12433 54 128
7706 8188 225 128
14470 8188 54 128
14200 8188 225 128
1760 8188 225 128
13684 8188 54 128
1801 1221 54 128
10756 12433 54 128
9083 1221 54 128
4254 8188 225 128
13576 1221 225 128
13491 1221 54 128
5850 1221 225 128
4712 12433 54 128
13979 4397 54 128
12239 12433 54 128
12888 4397 54 128
5057 12433 225 128
1053 12433 54 128
6128 8188 225 128
14218 1221 54 128
1088 8188 225 128
4408 12433 225 128
8696 8188 225 128
7291 1221 225 128
8156 1221 54 128
12747 1221 225 128
804 12433 54 128
2795 4397 225 128
11526 12433 54 128
2884 1221 54 128
10999 1221 225 128
445 1221 54 128
14124 1221 54 128
902 8188 54 128
7753 4397 225 128
14344 4397 225 128
12297 8188 225 128
10242 1221 54 128
6288 1221 54 128
13441 8188 225 128
8448 12433 54 128
3493 8188 225 128
8734 8188 225 128
13576 4397 54 128
6701 8188 225 128
12507 1221 225 128
12708 4397 225 128
8771 8771 142 182
7760 1221 54 128
9590 12433 225 128
4977 8188 225 128
12241 8188 54 128
4144 8188 54 128
4246 12433 225 128
2880 8188 54 128
6617 8188 54 128
7557 12433 54 128
1217 12433 54 128
4225 1221 54 128
1494 4397 54 128
10438 4397 54 128
9011 1221 54 128
4002 8188 225 128
8111 8188 54 128
6385 4397 225 128
6412 12433 54 128
10615 12433 225 128
4872 12433 225 128
7768 1221 225 128
8696 1221 54 128
4103 8188 54 128
9312 8188 54 128
9099 1221 225 128
7379 12433 54 128
8202 8188 225 128
6385 8188 54 128
1384 8188 225 128
2090 1221 54 128
7768 1221 54 128
285 12433 225 128
13886 4397 225 128
14242 8188 225 128
13014 4397 225 128
9704 1221 225 128
4485 12433 225 128
4792 8188 54 128
9015 8188 225 128
285 12433 54 128
9525 12433 54 128
8107 8188 54 128
11926 1221 225 128
228 1221 225 128
2333 8188 225 128
14124 8188 225 128
6373 8188 225 128
5850 1221 54 128
1384 8188 54 128
7379 1221 54 128
2819 12433 54 128
5485 1221 54 128
10429 4397 225 128
7808 12433 54 128
277 8188 225 128
2828 8188 225 128
14224 1221 54 128
13285 12433 54 128
9100 4397 225 128
7756 4397 54 128
12662 1221 225 128
3538 8188 225 128
9434 1221 225 128
4475 4397 54 128
9630 1221 54 128
10047 12433 54 128
6412 12433 225 128
4114 4397 225 128
5878 4397 54 128
10981 12433 225 128
5473 12433 225 128
7029 8188 54 128
4596 1221 54 128
9755 8188 225 128
14259 12433 54 128
3799 12433 54 128
3961 12433 225 128
11362 12433 54 128
9324 4397 54 128
8209 8188 225 128
6026 4397 225 128
3746 1221 54 128
7038 8188 54 128
13926 8188 54 128
3625 8188 54 128
9986 1221 54 128
7803 12433 225 128
2577 12433 54 128
10163 12433 225 128
9260 8188 225 128
11414 4397 54 128
13979 1221 225 128
3041 4397 54 128
8341 12433 225 128
10298 12433 225 128
3497 8188 54 128
5409 8188 54 128
236 8188 225 128
3477 1221 225 128
3746 1221 225 128
168 8188 225 128
2734 12433 54 128
8734 4397 225 128
6753 8188 54 128
9049 1221 54 128
4703 12433 54 128
5717 12433 225 128
11526 8188 54 128
6053 1221 225 128
5690 4397 54 128
1895 12433 225 128
5481 1221 54 128
8476 4397 225 128
1108 1108 142 182
313 1221 54 128
9999 12433 225 128
2997 12433 225 128
8477 12433 54 128
8955 12433 225 128
10471 12433 54 128
8912 4397 54 128
7557 4397 225 128
868 12433 225 128
403 1221 225 128
1648 1221 225 128
5814 12433 225 128
3998 8188 225 128
1846 8188 54 128
6955 4397 225 128
52 8188 225 128
1088 8188 54 128
11776 8188 54 128
13226 1221 225 128
7955 7955 142 182
14278 1221 54 128
9986 12433 54 128
10467 8188 225 128
3173 12433 54 128
10951 4397 54 128
5427 8188 225 128
9458 8188 54 128
5162 12433 225 128
6147 8188 225 128
1079 8188 225 128
13176 4397 54 128
2803 8188 54 128
8231 1221 225 128
10574 8188 225 128
10914 1221 54 128
10393 12433 54 128
6375 12433 225 128
10771 8188 225 128
13979 4397 225 128
8875 4397 54 128
11926 12433 54 128
4892 4892 142 182
13011 12433 54 128
1397 4397 54 128
8735 1221 225 128
14224 12433 54 128
13607 13607 142 182
7760 8188 54 128
5304 8188 54 128
10274 8188 54 128
6073 4397 225 128
10796 12433 225 128
2405 8188 54 128
772 8188 225 128
6128 12433 225 128
10125 1221 54 128
4541 12433 54 128
3483 8188 225 128
13435 8188 54 128
9849 4397 54 128
2113 8188 54 128
4647 4397 54 128
7263 12433 225 128
12562 12433 225 128
7546 1221 225 128
8156 8188 54 128
6226 8188 225 128
1560 1221 54 128
3095 4397 54 128
4225 4397 225 128
11049 8188 54 128
9358 8188 54 128
14480 4397 54 128
10927 1221 54 128
5078 4397 225 128
9324 12433 225 128
9502 1221 54 128
4703 1221 225 128
6971 8188 54 128
5529 8188 54 128
6669 4397 225 128
4144 12433 225 128
11368 8188 54 128
6124 12433 225 128
12398 12433 54 128
11926 4397 225 128
13014 8188 54 128
7495 4397 225 128
6121 8188 54 128
10467 4397 225 128
10574 12433 225 128
1770 4397 54 128
4721 8188 54 128
6567 1221 54 128
8237 12433 54 128
6795 12433 54 128
4543 12433 225 128
2289 4397 225 128
11098 4397 54 128
7424 1221 225 128
12599 4397 225 128
13173 12433 54 128
10284 1221 54 128
5854 8188 225 128
8138 4397 225 128
8810 4397 225 128
12708 8188 54 128
6398 4397 225 128
1079 4397 54 128
3890 4397 54 128
5340 12433 225 128
10381 12433 54 128
7405 1221 225 128
3425 4397 54 128
9100 8188 54 128
13132 8188 54 128
13513 1221 54 128
8921 1221 225 128
14263 1221 225 128
10778 4397 225 128
9771 1221 54 128
12225 12433 225 128
2004 1221 225 128
10429 1221 54 128
7542 4397 54 128
11049 4397 225 128
10045 8188 54 128
8692 8188 54 128
13576 12433 54 128
13576 8188 225 128
10214 1221 225 128
3022 8188 225 128
5529 4397 54 128
14299 4397 54 128
12747 12433 54 128
7379 8188 54 128
2179 12433 54 128
13173 8188 225 128
540 4397 54 128
10298 8188 54 128
11431 8188 54 128
11849 12433 54 128
4561 4397 225 128
6397 1221 54 128
12088 8188 225 128
6275 12433 54 128
3961 8188 54 128
8964 8188 54 128
6053 8188 225 128
4789 1221 54 128
10458 1221 54 128
10617 8188 225 128
12097 1221 54 128
8833 12433 54 128
13930 4397 225 128
14480 1221 54 128
9771 4397 54 128
7088 1221 54 128
13951 4397 225 128
9862 8188 54 128
12662 8188 54 128
8795 1221 54 128
19 12433 225 128
9474 12433 54 128
7534 8188 225 128
9377 1221 54 128
6997 8188 54 128
586 1221 54 128
6971 4397 54 128
3794 12433 54 128
11606 4397 54 128
7064 7064 142 182
9083 8188 54 128
2898 4397 225 128
4791 8188 225 128
7866 8188 54 128
4978 12433 225 128
6992 12433 225 128
10274 4397 54 128
11109 6740 165 144
3987 3987 142 182
3625 12433 54 128
4647 1221 225 128
1107 4397 54 128
4309 12433 225 128
11431 12433 54 128
5427 1221 54 128
2577 1221 225 128
4647 12433 225 128
6035 1221 54 128
10467 8188 54 128
3350 1221 54 128
4541 4397 54 128
6053 8188 54 128
7556 4397 54 128
1770 8188 54 128
6362 1221 54 128
4246 1221 225 128
8107 1221 225 128
8921 4397 54 128
6848 8188 225 128
9651 12433 225 128
9849 12433 225 128
10385 4397 54 128
5425 4397 54 128
3794 12433 225 128
7706 1221 54 128
14480 4397 225 128
5582 1221 54 128
9630 8188 225 128
13491 8188 54 128
12856 12433 54 128
13441 4397 225 128
6288 12433 54 128
10385 1221 225 128
2470 4397 225 128
2444 12433 225 128
13285 12433 225 128
5057 4397 54 128
458 12433 54 128
8138 8188 225 128
9637 1221 225 128
5485 8188 225 128
9429 9429 142 182
10829 8188 54 128
2718 1221 225 128
8392 1221 225 128
12111 1221 225 128
4040 12433 54 128
3041 4397 225 128
6795 4397 225 128
2734 4397 225 128
1169 8188 225 128
7756 1221 54 128
12213 12433 225 128
2405 12433 54 128
10163 12433 54 128
12468 12433 54 128
12380 8188 54 128
9552 4397 225 128
9634 8188 54 128
4543 4397 54 128
10467 12433 54 128
10242 12433 225 128
8964 1221 225 128
3799 8188 54 128
1048 1221 54 128
14270 4397 54 128
6226 1221 54 128
8477 4397 54 128
4409 4397 225 128
6058 12433 54 128
5736 12433 225 128
13474 12433 54 128
627 1221 54 128
13675 12433 225 128
13293 8188 54 128
3799 1221 54 128
4712 8188 54 128
9846 12433 54 128
5038 12433 225 128
7123 12433 54 128
2962 12433 54 128
6385 12433 54 128
3745 12433 225 128
5291 4397 225 128
2633 12433 225 128
13405 12433 54 128
7438 8188 54 128
12574 4397 54 128
12758 1221 54 128
12380 4397 225 128
12409 12433 54 128
5057 1221 54 128
11125 8188 225 128
13454 12433 54 128
9628 12433 225 128
12888 8188 225 128
6385 4397 54 128
11106 8188 225 128
1052 4397 54 128
13454 8188 225 128
12295 4397 225 128
156 12433 54 128
9049 12433 54 128
576 12433 54 128
13714 8188 225 128
12662 12433 54 128
5519 8188 225 128
1196 8188 225 128
11414 8188 225 128
8156 8188 225 128
7356 1221 225 128
837 1221 54 128
14224 12433 225 128
12628 8188 54 128
4190 4397 54 128
7370 12433 225 128
9637 1221 54 128
7038 8188 225 128
5411 8188 54 128
13593 8188 54 128
4996 8188 54 128
7010 12433 54 128
5580 12433 54 128
1621 1621 142 182
2101 8188 225 128
13454 1221 54 128
7588 12433 225 128
3350 4397 54 128
2591 12433 225 128
7098 4397 54 128
11812 1221 54 128
2819 4397 54 128
10956 8188 54 128
7866 4397 225 128
7646 1221 225 128
8583 12433 54 128
2795 12433 54 128
10796 4397 54 128
13485 4397 54 128
5162 8188 225 128
627 8188 225 128
12255 8188 54 128
1681 8188 225 128
6795 1221 54 128
12136 4397 225 128
10885 10885 142 182
1557 4397 225 128
3442 12433 54 128
576 4397 54 128
4091 12433 54 128
3890 12433 54 128
8440 1221 225 128
8582 12433 54 128
7753 8188 225 128
8460 8460 142 182
8514 4397 54 128
14270 12433 54 128
6244 1221 54 128
13491 12433 225 128
5142 4397 225 128
5850 12433 225 128
5473 12433 54 128
13930 1221 54 128
1217 1221 225 128
8297 1221 225 128
5850 4397 225 128
2319 4397 225 128
7088 12433 225 128
7768 12433 225 128
10196 12433 225 128
14427 8188 225 128
9458 4397 54 128
4647 8188 54 128
802 1221 225 128
12468 8188 54 128
6026 8188 54 128
1762 12433 225 128
7100 8188 54 128
3625 12433 225 128
8221 12433 225 128
6412 1221 225 128
5228 1221 54 128
11125 12433 225 128
9625 9625 142 182
7672 8188 54 128
7588 12433 54 128
8134 1221 225 128
8149 12433 225 128
7971 4397 225 128
3623 1221 54 128
1079 8188 54 128
12917 4397 225 128
13405 4397 54 128
10756 1221 225 128
13067 4397 225 128
6887 8188 54 128
1053 8188 54 128
3686 4397 225 128
11116 12433 225 128
12088 1221 54 128
2594 4397 54 128
1268 8188 54 128
2484 1221 225 128
3745 8188 225 128
10821 1221 225 128
12225 12433 54 128
3921 1221 54 128
11822 4397 225 128
13600 8188 54 128
7088 4397 54 128
13190 12433 54 128
10792 1221 54 128
8221 1221 225 128
9628 1221 225 128
9434 4397 54 128
1801 4397 225 128
4373 8188 54 128
2289 12433 54 128
13979 8188 225 128
5010 4397 54 128
4604 8188 54 128
14511 4397 54 128
7994 4397 54 128
14259 1221 54 128
4656 1221 54 128
13951 1221 225 128
13154 1221 54 128
12336 4397 54 128
9324 1221 54 128
2110 1221 54 128
357 8188 225 128
2962 12433 225 128
10756 4397 225 128
6053 4397 225 128
6887 8188 225 128
4059 12433 54 128
12365 1221 54 128
2470 12433 225 128
6572 1221 54 128
4555 8188 225 128
9254 12433 54 128
2591 1221 54 128
7696 12433 225 128
6887 4397 225 128
13613 4397 54 128
12708 1221 225 128
2828 1221 54 128
10792 8188 225 128
11116 8188 54 128
2733 1221 225 128
4040 12433 225 128
4889 12433 225 128
423 12433 54 128
7100 8188 225 128
9918 12433 54 128
8367 8188 225 128
4002 4397 225 128
5357 12433 225 128
1959 4397 54 128
347 4397 54 128
6362 1221 225 128
414 12433 54 128
4094 1221 225 128
4541 1221 54 128
613 12433 225 128
10122 10122 142 182
5078 1221 225 128
2970 4397 225 128
13675 1221 54 128
6887 1221 225 128
446 12433 225 128
6267 12433 225 128
3766 12433 54 128
5129 12433 225 128
12628 4397 225 128
14511 12433 225 128
6835 1221 54 128
596 4397 54 128
10242 8188 225 128
12640 4397 54 128
2508 8188 54 128
13888 12433 225 128
9478 12433 54 128
5328 4397 54 128
14249 12433 54 128
8231 12433 225 128
3766 8188 54 128
9525 4397 225 128
1048 8188 54 128
8156 12433 225 128
9614 8188 225 128
7240 4397 225 128
1015 1221 225 128
7971 12433 54 128
7767 8188 225 128
1092 8188 54 128
8170 8188 54 128
12014 4397 54 128
3764 1221 54 128
6143 1221 54 128
1053 12433 225 128
11911 12433 54 128
1762 4397 225 128
10458 8188 54 128
265 8188 54 128
11831 4397 225 128
7424 4397 225 128
13675 8188 54 128
9710 12433 54 128
8237 4397 225 128
10257 12433 225 128
12507 1221 54 128
5529 12433 54 128
228 12433 54 128
7285 8188 225 128
12213 1221 225 128
10029 12433 225 128
12468 1221 225 128
4647 12433 54 128
6276 1221 225 128
1846 8188 225 128
12485 8188 225 128
168 4397 225 128
12239 12433 225 128
6978 6978 142 182
12097 12433 225 128
8600 4397 225 128
8134 8188 225 128
9113 12433 225 128
10999 8188 54 128
8735 12433 54 128
2248 8188 225 128
11596 4397 54 128
11911 4397 225 128
9279 4397 54 128
1738 12433 54 128
6226 12433 54 128
3173 1221 54 128
10809 11109 165 144
1910 4397 225 128
5458 4397 54 128
4737 12433 54 128
3625 1221 225 128
11975 12433 54 128
3425 4397 225 128
11972 1221 225 128
250 1221 225 128
2110 12433 225 128
11606 8188 225 128
6244 8188 225 128
5400 4397 225 128
3344 8188 225 128
12111 8188 54 128
19 4397 225 128
5690 12433 225 128
12888 8188 54 128
2285 4397 54 128
403 8188 54 128
6226 1221 225 128
8964 4397 225 128
1053 8188 225 128
5529 4397 225 128
7283 12433 225 128
9918 12433 225 128
7335 12433 225 128
1187 12433 225 128
11750 12433 225 128
9651 8188 225 128
8514 4397 225 128
12758 4397 225 128
10274 12433 54 128
6953 4397 225 128
4888 12433 225 128
10956 12433 54 128
8367 1221 54 128
10047 4397 225 128
2795 8188 54 128
6375 8188 225 128
5750 12433 54 128
7413 4397 54 128
5485 4397 225 128
13067 1221 54 128
6147 4397 225 128
11431 4397 225 128
4219 4397 54 128
4509 8188 54 128
5535 4397 54 128
13267 1221 54 128
354 8188 54 128
8195 8188 54 128
13951 8188 225 128
12888 12433 225 128
713 1221 225 128
737 4397 225 128
7413 4397 225 128
10233 8188 54 128
11926 8188 54 128
11975 1221 54 128
2734 8188 225 128
4485 12433 54 128
6147 8188 54 128
10956 12433 225 128
6026 8188 225 128
3497 8188 225 128
4167 4397 225 128
4509 12433 225 128
9474 4397 225 128
9576 12433 225 128
3095 8188 225 128
14259 4397 225 128
2422 4397 54 128
2214 4397 54 128
2090 1221 225 128
2090 4397 225 128
6992 8188 225 128
3095 8188 54 128
12888 4397 225 128
12475 4397 54 128
8402 8402 142 182
2819 1221 225 128
11106 12433 54 128
7140 12433 54 128
11116 8188 225 128
1895 4397 54 128
2422 1221 54 128
13293 4397 225 128
11312 4397 54 128
713 1221 54 128
7379 1221 225 128
7756 1221 225 128
804 8188 54 128
9614 1221 54 128
12758 8188 54 128
12507 12433 225 128
4254 12433 54 128
13886 12433 54 128
3707 4397 225 128
2629 4397 225 128
3022 8188 54 128
7140 4397 54 128
6155 12433 54 128
6971 1221 225 128
13405 4397 225 128
6155 4397 54 128
4737 4397 225 128
9710 4397 54 128
600 4397 54 128
1192 8188 54 128
10927 4397 225 128
10125 4397 54 128
13176 8188 54 128
10429 12433 225 128
3770 12433 54 128
4496 4397 225 128
5481 4397 54 128
14124 1221 225 128
1397 8188 225 128
8583 4397 225 128
7790 7790 142 182
4103 1221 54 128
7356 4397 54 128
4604 8188 225 128
2224 1221 54 128
9628 4397 225 128
7534 4397 54 128
7760 4397 225 128
11979 1221 225 128
6753 4397 54 128
6724 6724 142 182
14249 4397 225 128
12562 8188 54 128
12226 4397 54 128
7717 12433 225 128
13714 4397 225 128
6236 8188 225 128
8583 8188 225 128
13190 1221 225 128
7534 12433 225 128
4320 1221 225 128
868 8188 225 128
3022 12433 225 128
3998 1221 54 128
6124 8188 225 128
9100 1221 54 128
7405 12433 54 128
8 8188 54 128
10981 12433 54 128
12856 8188 54 128
4703 1221 54 128
8815 1221 54 128
7240 12433 54 128
772 12433 54 128
7290 7290 142 182
12138 12433 54 128
10298 4397 225 128
4789 4397 225 128
10381 1221 225 128
1192 12433 225 128
13130 1221 54 128
357 12433 225 128
3477 4397 225 128
6835 4397 225 128
6955 4397 54 128
663 1221 54 128
14470 4397 54 128
4978 8188 225 128
9458 12433 54 128
9011 4397 225 128
9319 12433 225 128
12548 12548 142 182
2718 12433 225 128
1619 8188 54 128
13067 12433 225 128
7866 1221 225 128
4164 8188 54 128
277 8188 54 128
1770 4397 225 128
2577 12433 225 128
2319 1221 225 128
4026 4397 54 128
694 1221 225 128
2567 4397 225 128
6835 12433 54 128
9377 4397 54 128
4792 4397 225 128
5357 1221 225 128
11596 8188 225 128
7033 4397 225 128
13388 12433 54 128
1130 12433 54 128
2224 8188 54 128
585 12433 54 128
12720 8188 225 128
1444 1221 54 128
13513 4397 225 128
2101 8188 54 128
1760 12433 54 128
765 765 142 182
8912 8188 54 128
7706 4397 225 128
10242 4397 54 128
3350 12433 225 128
7706 1221 225 128
10914 12433 54 128
13600 8188 225 128
14470 8188 225 128
10214 4397 225 128
13525 13525 142 182
11812 12433 225 128
13441 12433 225 128
7379 4397 225 128
2405 1221 54 128
5038 8188 225 128
5458 8188 225 128
5078 8188 225 128
6099 8188 225 128
8202 1221 54 128
3575 12433 54 128
4656 12433 225 128
3765 8188 54 128
13733 13733 142 182
896 1221 225 128
2422 4397 225 128
5409 8188 225 128
11831 12433 225 128
13951 12433 225 128
5215 12433 54 128
14124 8188 54 128
1048 12433 54 128
7672 12433 225 128
906 12433 54 128
2654 4397 225 128
3269 8188 225 128
4967 12433 54 128
12365 1221 225 128
10792 12433 225 128
13341 4397 54 128
4485 8188 54 128
9492 12433 225 128
1738 8188 54 128
7672 4397 225 128
8955 12433 54 128
14480 12433 54 128
10829 8188 225 128
11434 8188 225 128
3005 12433 54 128
6753 4397 225 128
1397 4397 225 128
10471 8188 54 128
2612 4397 54 128
265 4397 54 128
236 1221 54 128
4408 12433 54 128
6572 1221 225 128
3795 4397 225 128
1910 8188 54 128
7646 8188 225 128
13132 4397 225 128
6275 12433 225 128
2101 4397 54 128
2484 8188 54 128
6251 8188 225 128
9630 4397 225 128
7118 1221 54 128
5560 8188 54 128
5465 12433 225 128
2289 8188 225 128
11466 2836 165 144
13931 12433 54 128
10125 12433 225 128
13067 4397 54 128
11975 8188 54 128
13396 12433 225 128
9260 4397 54 128
600 8188 225 128
13388 12433 225 128
3477 1221 54 128
11606 12433 54 128
13449 4397 225 128
3625 1221 54 128
3483 8188 54 128
694 1221 54 128
2224 12433 54 128
4320 12433 54 128
12628 8188 225 128
7438 4397 54 128
13011 8188 54 128
12255 1221 225 128
2567 4397 54 128
8709 4397 54 128
10821 8188 225 128
4792 12433 54 128
7010 8188 54 128
6026 12433 225 128
5878 12433 54 128
19 8188 54 128
7375 7375 142 182
13405 12433 225 128
3200 1221 225 128
7672 8188 225 128
10713 1221 54 128
4040 1221 225 128
11362 8188 225 128
11972 1221 54 128
8955 1221 225 128
7717 1221 54 128
4596 12433 225 128
8280 8188 225 128
414 4397 225 128
7038 4397 54 128
2251 4397 225 128
9527 8188 225 128
11368 12433 54 128
5685 4397 225 128
7424 4397 54 128
1107 12433 54 128
1357 4397 54 128
10927 12433 54 128
2110 12433 54 128
9377 1221 225 128
3497 4397 225 128
10471 12433 225 128
8064 1221 225 128
3344 12433 54 128
13926 1221 225 128
7405 4397 225 128
423 12433 225 128
6462 4397 225 128
3074 1221 225 128
11106 4397 54 128
114 8188 54 128
9492 1221 54 128
3765 12433 225 128
277 4397 54 128
8440 12433 54 128
12336 1221 54 128
3625 8188 225 128
11926 8188 225 128
2508 12433 54 128
9637 12433 54 128
12295 12433 225 128
10467 1221 54 128
7866 1221 54 128
5031 8188 54 128
9359 8188 225 128
8955 4397 225 128
5529 1221 54 128
4967 4397 54 128
9614 8188 54 128
12210 1221 54 128
4320 4397 54 128
11911 8188 54 128
7768 12433 54 128
3311 12433 225 128
5919 4397 225 128
10214 8188 225 128
1619 8188 225 128
7100 4397 225 128
12443 1221 225 128
4596 12433 54 128
12237 1221 225 128
403 12433 225 128
