12917 12433 225 54
14480 8188 54 225
1666 1221 54 225
6375 4397 54 225
1957 4397 54 225
9099 4397 54 225
8280 4397 54 225
4239 1221 54 225
6124 1221 54 225
7532 8188 225 54
4888 1221 54 225
9083 4397 54 225
11831 8188 54 225
277 12433 54 225
8476 8188 225 54
7773 1221 225 54
11434 12433 54 225
7672 1221 225 54
4408 4397 225 54
10727 4397 54 225
3095 12433 54 225
1130 1221 54 225
8600 12433 225 54
114 4397 225 54
9960 1221 54 225
6398 8188 225 54
6701 1221 225 54
5409 12433 225 54
10951 12433 54 225
14124 12433 54 225
7808 8188 225 54
12118 12433 225 54
1546 12433 225 54
13129 4397 225 54
8692 1221 54 225
10913 1221 54 225
4475 12433 54 225
7038 1221 225 54
2004 8188 225 54
6276 8188 54 225
2591 4397 225 54
6567 4397 225 54
3311 4397 225 54
5411 4397 54 225
8138 1221 54 225
1040 1221 54 225
10913 4397 225 54
7532 1221 54 225
13364 1221 54 225
13154 12433 225 54
8692 4397 225 54
6251 1221 225 54
4334 12433 54 225
6288 8188 225 54
8440 4397 225 54
13364 12433 54 225
4182 12433 225 54
6035 4397 225 54
10438 8188 54 225
8514 1221 54 225
1268 1221 225 54
3340 4397 54 225
4239 4397 225 54
13226 12433 54 225
6397 12433 225 54
1079 12433 54 225
1895 8188 225 54
4246 4397 54 225
9755 4397 225 54
6398 1221 54 225
10927 8188 54 225
3370 4397 54 225
13927 4397 54 225
14259 8188 225 54
2601 12433 225 54
79 8188 225 54
4114 8188 54 225
2629 12433 225 54
6143 8188 54 225
7538 4397 225 54
2654 1221 54 225
7696 8188 225 54
7994 8188 54 225
2252 1221 54 225
1747 4397 54 225
3764 4397 225 54
5489 12433 54 225
8627 4397 225 54
7495 8188 225 54
2248 4397 54 225
6462 8188 225 54
3625 11194 225 54
4373 4397 225 54
7808 4397 225 54
7548 4397 225 54
9999 1221 54 225
4496 8188 225 54
8833 4397 54 225
586 8188 225 54
10722 4397 54 225
12962 8188 54 225
11291 8188 225 54
14032 12433 54 225
802 4397 225 54
446 1221 225 54
4596 4397 54 225
11812 4397 54 225
13267 8188 54 225
13364 4397 225 54
1153 8188 54 225
7756 12433 225 54
2601 8188 225 54
663 8188 54 225
11883 1221 54 225
4845 12433 225 54
7694 12433 54 225
10522 8188 225 54
4872 8188 225 54
7405 8188 225 54
4996 12433 54 225
3022 4397 54 225
7627 4397 54 225
3748 8188 54 225
8692 12433 225 54
5304 4397 225 54
713 4397 54 225
8681 1221 225 54
3256 1221 225 54
6362 12433 225 54
13396 1221 225 54
412 12433 225 54
12708 12433 225 54
8221 4397 225 54
294 1221 225 54
7038 12433 54 225
13714 8797 225 54
7694 4397 225 54
1397 12433 225 54
2733 8188 225 54
2898 1221 54 225
13132 1221 54 225
1444 12433 225 54
5142 1221 54 225
5129 1221 225 54
802 12433 225 54
8728 8188 225 54
1444 8188 54 225
8297 8188 225 54
11355 1221 54 225
10381 8188 54 225
8875 12433 54 225
9634 4397 54 225
1801 12433 54 225
1494 12433 54 225
4408 1221 225 54
9755 1221 54 225
12002 4397 225 54
9279 12433 225 54
3340 8188 225 54
4561 8188 54 225
3538 12433 54 225
11278 12433 54 225
6058 4397 54 225
12136 8188 54 225
13190 4397 54 225
4309 8188 54 225
5048 1221 54 225
1334 8188 225 54
627 4397 225 54
8709 12433 54 225
8964 12433 225 54
5535 12433 54 225
5400 1221 54 225
3781 4397 54 225
10438 1221 54 225
236 12433 225 54
5357 8188 54 225
1015 12433 54 225
14344 1221 54 225
12252 1221 54 225
9710 8188 225 54
1053 1221 225 54
9319 8188 225 54
713 12433 54 225
12640 8188 54 225
8696 12433 225 54
13513 8188 54 225
8492 12433 225 54
6545 1221 54 225
9658 1221 54 225
9377 12433 54 225
9552 8188 54 225
2508 1221 54 225
8064 12433 225 54
2880 4397 225 54
3186 12433 54 225
277 1221 225 54
737 8188 225 54
4182 4397 54 225
3745 1221 225 54
3623 8188 225 54
1107 1221 54 225
9049 8188 225 54
14124 4397 225 54
2880 1221 225 54
2271 1221 225 54
13388 4397 54 225
2056 12433 225 54
12853 4397 225 54
10393 1221 54 225
737 12433 225 54
2796 8188 54 225
8107 12433 225 54
313 8188 225 54
7356 8188 54 225
14263 12433 225 54
10327 8188 225 54
5291 8188 54 225
8735 4397 54 225
10770 1221 225 54
3256 4397 225 54
13226 8188 54 225
1564 12433 225 54
10829 1221 54 225
13888 4397 54 225
5031 1221 225 54
12665 12433 54 225
6124 4397 54 225
10722 1221 225 54
12046 4397 225 54
4789 12433 54 225
10029 4397 54 225
10653 4397 54 225
960 12433 54 225
1092 4397 225 54
5228 12433 225 54
10168 1221 54 225
6723 4397 54 225
13129 12433 225 54
10327 1221 225 54
694 12433 54 225
5498 8188 225 54
1994 8188 54 225
9260 1221 54 225
3921 12433 54 225
12255 4397 225 54
12665 4397 54 225
10654 4397 225 54
9478 8188 225 54
10796 1221 225 54
829 8188 54 225
9526 12433 54 225
9846 1221 54 225
12252 12433 225 54
8392 8188 225 54
13613 8188 225 54
10613 1221 54 225
313 4397 54 225
8582 8188 225 54
5249 4397 225 54
2056 1221 54 225
2252 4397 225 54
3344 1221 225 54
3781 8188 225 54
12336 8188 225 54
1762 8188 225 54
13267 12433 54 225
1747 12433 225 54
7240 8188 54 225
8755 1221 225 54
2528 8188 54 225
3425 12433 225 54
4079 12433 225 54
4309 1221 225 54
9152 8188 54 225
8734 12433 225 54
9029 8188 54 225
772 1221 225 54
14278 12433 54 225
6567 12433 225 54
4167 8188 54 225
4503 4397 54 225
5489 1221 54 225
6226 4397 225 54
5465 1221 54 225
12294 1221 225 54
5340 8188 225 54
13927 8188 225 54
10821 4397 225 54
3764 12433 225 54
4509 4397 54 225
7495 12433 225 54
9402 8188 225 54
10284 12433 54 225
8440 8188 54 225
7767 4397 225 54
5220 4397 54 225
7100 12433 225 54
10615 8188 54 225
4561 12433 54 225
4515 8188 225 54
14344 12433 54 225
12226 12433 54 225
11201 1221 54 225
6009 1221 225 54
3200 12433 225 54
8240 4397 54 225
6701 12433 54 225
12370 8188 225 54
9260 12433 54 225
9478 1221 54 225
5854 12433 54 225
9113 4397 54 225
10233 1221 54 225
5814 4397 54 225
4239 8188 54 225
12662 4397 225 54
1557 8188 225 54
12088 4397 54 225
2422 12433 54 225
5038 4397 225 54
4996 4397 54 225
13267 4397 54 225
585 8188 225 54
3998 12433 54 225
11355 4397 225 54
1666 8188 225 54
4789 8188 225 54
13364 8188 225 54
7706 12433 54 225
1895 1221 54 225
8492 1221 225 54
5347 1221 54 225
2285 12433 225 54
7424 12433 225 54
9312 12433 225 54
6121 1221 54 225
896 12433 225 54
4409 12433 225 54
10261 1221 54 225
4888 4397 54 225
5717 4397 225 54
13396 8188 54 225
9478 4397 54 225
6953 8188 54 225
5427 4397 54 225
52 4397 225 54
740 4397 54 225
5850 8188 225 54
8833 8188 225 54
10168 8188 225 54
7588 1221 54 225
458 4397 225 54
2633 4397 225 54
1421 4397 225 54
13491 4397 54 225
19 1221 225 54
11278 8188 54 225
9527 12433 225 54
10197 8188 54 225
5010 12433 54 225
6073 1221 54 225
9085 8188 54 225
7696 4397 225 54
6398 12433 54 225
9525 1221 54 225
7098 1221 54 225
12241 12433 225 54
9614 12433 54 225
3794 8188 225 54
52 12433 225 54
10981 4397 225 54
11849 4397 225 54
1957 1221 54 225
412 8188 54 225
7546 4397 54 225
8810 12433 54 225
5220 1221 54 225
7438 1221 54 225
12233 1221 54 225
837 4397 54 225
8297 12433 54 225
3575 4397 225 54
2733 12433 225 54
3707 8188 54 225
3538 1221 225 54
3686 12433 54 225
2110 8188 225 54
7532 4397 54 225
12111 12433 54 225
446 8188 225 54
906 4397 225 54
4334 8188 54 225
4026 12433 225 54
585 1221 54 225
13132 12433 54 225
2090 8188 225 54
7945 8188 54 225
8134 4397 54 225
9867 4397 225 54
4103 12433 225 54
10197 4397 54 225
13979 12433 54 225
5228 4397 225 54
9015 4397 54 225
156 8188 54 225
3745 4397 225 54
10233 4397 54 225
13513 12433 225 54
4978 4397 225 54
6058 1221 225 54
8514 8188 54 225
4543 1221 54 225
6099 1221 225 54
9502 8188 54 225
14033 1221 54 225
8240 1221 225 54
14242 12433 225 54
10284 4397 225 54
6953 1221 225 54
4515 1221 54 225
11606 1221 225 54
9960 8188 225 54
2972 1221 54 225
10197 12433 54 225
9960 4397 54 225
10047 1221 225 54
10471 4397 54 225
12026 4397 225 54
5328 8188 225 54
1959 1221 54 225
12468 4397 225 54
6267 1221 54 225
12747 4397 54 225
13239 8188 225 54
10589 12433 54 225
8448 4397 225 54
236 4397 225 54
8696 4397 225 54
8600 8188 54 225
11049 12433 225 54
3623 4397 225 54
2444 8188 54 225
7548 1221 225 54
8367 12433 54 225
3256 12433 54 225
2110 4397 54 225
4980 12433 225 54
6009 12433 225 54
12410 8188 225 54
6267 4397 54 225
2333 1221 225 54
7542 12433 54 225
12297 4397 225 54
13067 8188 225 54
8107 4397 225 54
10230 8188 54 225
10906 4397 54 225
5796 4397 54 225
294 12433 54 225
7263 1221 54 225
6602 1221 225 54
359 1221 54 225
2796 4397 54 225
12410 12433 225 54
2629 1221 225 54
2612 1221 54 225
347 8188 54 225
13790 12433 225 54
10913 8188 225 54
11822 8188 54 225
8341 8188 225 54
13129 8188 54 225
11720 12433 225 54
13285 1221 54 225
10704 8188 54 225
6887 12433 54 225
11125 4397 225 54
168 12433 225 54
2251 12433 225 54
7808 1221 54 225
10771 1221 54 225
9590 8188 54 225
12485 4397 225 54
10298 1221 54 225
10999 12433 225 54
7767 12433 225 54
5129 8188 54 225
4656 4397 54 225
2654 8188 54 225
6319 12433 54 225
4703 4397 54 225
8912 1221 54 225
9658 12433 225 54
8341 1221 54 225
14058 8188 225 54
4792 1221 54 225
5034 12433 54 225
9113 1221 225 54
228 8188 54 225
13435 1221 54 225
10722 8188 225 54
9862 4397 225 54
8237 8188 225 54
4222 1221 54 225
4980 1221 225 54
9011 8188 225 54
3799 4397 225 54
4144 4397 54 225
9140 12433 225 54
3998 4397 225 54
12046 12433 54 225
3921 8188 225 54
6288 4397 225 54
6073 8797 54 225
14249 1221 225 54
7717 8188 54 225
9434 8188 54 225
5357 4397 225 54
7356 12433 54 225
9576 4397 225 54
10429 8188 225 54
10589 4397 54 225
2209 8188 54 225
13930 12433 54 225
6835 8188 54 225
6121 4397 54 225
1760 4397 54 225
3911 8188 225 54
6462 1221 54 225
7285 12433 225 54
9960 12433 225 54
14263 8188 225 54
772 4397 225 54
4604 12433 54 225
3256 8188 54 225
694 8188 54 225
4103 4397 54 225
7994 12433 225 54
4246 8188 225 54
9319 4397 225 54
8 4397 54 225
2444 1221 54 225
837 8188 54 225
446 4397 225 54
12276 8188 54 225
8231 8188 225 54
9140 8188 225 54
8755 12433 225 54
1681 4397 54 225
12380 12433 225 54
14249 8188 225 54
7548 12433 54 225
14218 8188 54 225
10771 12433 54 225
7945 4397 54 225
4797 8188 54 225
12136 12433 225 54
8492 8188 54 225
10608 12433 225 54
2285 1221 225 54
10458 4397 54 225
7756 8188 54 225
5796 1221 225 54
7588 8188 54 225
6128 1221 225 54
6244 4397 54 225
9502 12433 54 225
5070 4397 225 54
2970 1221 225 54
10522 1221 225 54
5425 8188 225 54
8237 1221 54 225
1936 12433 225 54
6572 4397 54 225
5220 12433 225 54
9867 1221 225 54
12370 4397 54 225
6236 4397 54 225
14096 1221 225 54
354 4397 54 225
4819 4397 225 54
4190 8188 225 54
596 8188 54 225
2101 12433 225 54
12507 4397 225 54
2577 8188 225 54
8138 12433 225 54
11434 1221 54 225
896 4397 225 54
844 4397 54 225
3794 4397 225 54
8476 12433 54 225
10829 4397 54 225
14263 4397 54 225
12002 12433 225 54
9526 8188 225 54
13449 8188 225 54
2803 4397 54 225
6848 1221 54 225
79 12433 54 225
2733 4397 225 54
9152 4397 54 225
2718 8188 225 54
5220 8188 225 54
10778 1221 54 225
8875 8188 54 225
4561 1221 54 225
2289 1221 225 54
12853 12433 54 225
5021 1221 225 54
2271 8188 54 225
52 1221 225 54
6155 8188 54 225
5347 8188 225 54
4889 1221 54 225
13285 4397 225 54
12410 1221 54 225
1040 4397 54 225
12365 12433 54 225
12297 1221 225 54
5347 4397 225 54
12294 8188 225 54
2285 8188 225 54
7557 1221 225 54
7542 1221 54 225
5685 12433 225 54
2101 1221 225 54
2997 8188 54 225
13593 4397 225 54
13955 4397 54 225
3483 12433 225 54
6955 1221 54 225
613 1221 225 54
6143 12433 225 54
2113 1221 54 225
5854 1221 225 54
8600 1221 54 225
12628 12433 225 54
12177 1221 54 225
3344 4397 225 54
12599 8188 54 225
4514 4397 225 54
6602 4397 54 225
13930 8188 225 54
12297 12433 54 225
13955 8188 54 225
10257 8188 225 54
11291 1221 54 225
12225 4397 225 54
1560 12433 54 225
2828 4397 225 54
11312 12433 54 225
10589 1221 225 54
737 1221 225 54
12233 4397 225 54
347 1221 225 54
9085 4397 225 54
5343 4397 54 225
11979 4397 54 225
576 8188 54 225
9630 12433 225 54
12370 12433 54 225
2972 8188 225 54
156 1221 225 54
6955 12433 54 225
1648 4397 225 54
8681 8188 54 225
10045 12433 225 54
2470 8188 54 225
12443 12433 54 225
445 8188 54 225
1231 12433 225 54
79 4397 54 225
10393 8188 225 54
423 1221 225 54
13927 12433 54 225
7335 8188 225 54
13684 8188 54 225
10756 12433 54 225
13576 1221 225 54
5057 12433 225 54
7291 1221 225 54
804 12433 54 225
902 8188 54 225
6288 1221 54 225
3493 8188 225 54
4144 8188 54 225
4246 12433 225 54
4225 1221 54 225
8111 8188 54 225
4872 12433 225 54
7379 12433 54 225
8202 8188 225 54
13886 4397 225 54
13014 4397 225 54
11926 1221 225 54
6373 8188 225 54
5485 1221 54 225
10429 4397 225 54
2828 8188 225 54
5878 4397 54 225
14259 12433 54 225
3799 12433 54 225
9324 4397 54 225
13926 8188 54 225
9260 8188 225 54
11414 4397 54 225
10298 12433 225 54
8734 4397 225 54
6053 1221 225 54
2997 12433 225 54
8477 12433 54 225
7557 4397 225 54
5814 12433 225 54
3998 8188 225 54
13226 1221 225 54
5427 8188 225 54
10393 12433 54 225
7760 8188 54 225
5304 8188 54 225
9849 4397 54 225
6226 8188 225 54
4225 4397 225 54
9358 8188 54 225
10927 1221 54 225
9324 12433 225 54
6669 4397 225 54
13014 8188 54 225
6567 1221 54 225
6795 12433 54 225
2289 4397 225 54
11098 4397 54 225
12599 4397 225 54
13173 12433 54 225
8138 4397 225 54
5340 12433 225 54
7405 1221 225 54
13513 1221 54 225
7542 4397 54 225
10214 1221 225 54
4561 4397 225 54
12088 8188 225 54
3961 8188 54 225
14480 1221 54 225
9771 4397 54 225
13951 4397 225 54
7534 8188 225 54
5427 1221 54 225
2577 1221 225 54
7556 4397 54 225
6848 8188 225 54
5425 4397 54 225
13491 8188 54 225
12856 12433 54 225
5485 8188 225 54
2734 4397 225 54
12468 12433 54 225
1048 1221 54 225
4409 4397 225 54
6058 12433 54 225
12574 4397 54 225
5057 1221 54 225
9628 12433 225 54
1052 4397 54 225
13454 8188 225 54
576 12433 54 225
12662 12433 54 225
5519 8188 225 54
7356 1221 225 54
4996 8188 54 225
7010 12433 54 225
5580 12433 54 225
3350 4397 54 225
2591 12433 225 54
13485 4397 54 225
5162 8188 225 54
1681 8188 225 54
576 4397 54 225
8440 1221 225 54
14270 12433 54 225
5142 4397 225 54
14427 8188 225 54
9458 4397 54 225
12917 4397 225 54
10756 1221 225 54
11116 12433 225 54
11822 4397 225 54
1801 4397 225 54
13154 1221 54 225
12336 4397 54 225
2110 1221 54 225
2470 12433 225 54
4555 8188 225 54
2828 1221 54 225
2733 1221 225 54
8367 8188 225 54
414 12433 54 225
4541 1221 54 225
5078 1221 225 54
6887 1221 225 54
5129 12433 225 54
5328 4397 54 225
8231 12433 225 54
8156 12433 225 54
7240 4397 225 54
8170 8188 54 225
13675 8188 54 225
8237 4397 225 54
6276 1221 225 54
12111 8188 54 225
8964 4397 225 54
7283 12433 225 54
8367 1221 54 225
2795 8188 54 225
4219 4397 54 225
8195 8188 54 225
4167 4397 225 54
2090 4397 225 54
11312 4397 54 225
4254 12433 54 225
6155 12433 54 225
6971 1221 225 54
9710 4397 54 225
1192 8188 54 225
5481 4397 54 225
2224 1221 54 225
7760 4397 225 54
12226 4397 54 225
6124 8188 225 54
8815 1221 54 225
772 12433 54 225
12138 12433 54 225
10298 4397 225 54
4789 4397 225 54
13130 1221 54 225
3477 4397 225 54
663 1221 54 225
9011 4397 225 54
2718 12433 225 54
6835 12433 54 225
13513 4397 225 54
3350 12433 225 54
13951 12433 225 54
7672 12433 225 54
3269 8188 225 54
13341 4397 54 225
9492 12433 225 54
14480 12433 54 225
6251 8188 225 54
7118 1221 54 225
6026 12433 225 54
11362 8188 225 54
8955 1221 225 54
11368 12433 54 225
7405 4397 225 54
12336 1221 54 225
9637 12433 54 225
10214 8188 225 54
7100 4397 225 54
12237 1221 225 54
